0 1
1 1
2 1
3 1
4 1
4 0
6 1
8 1
9 1
13 1
17 1
19 1
19 0
21 1
23 1
24 1
27 1
29 0
33 1
34 1
35 1
37 1
42 1
42 0
45 1
46 1
46 0
50 1
50 0
52 0
56 0
63 1
63 0
69 0
71 1
75 1
75 0
76 1
77 0
78 1
78 0
82 0
83 1
83 0
84 1
86 1
87 1
89 1
89 0
93 0
96 1
97 1
97 0
98 1
99 1
99 0
102 1
102 0
103 1
104 1
105 1
106 1
109 1
109 0
111 1
115 1
119 0
121 1
121 0
122 1
124 0
125 0
126 1
127 1
127 0
130 1
132 1
133 1
135 1
137 1
140 1
140 0
142 1
143 1
147 1
149 1
150 0
151 1
151 0
153 1
155 1
156 1
156 0
158 1
162 1
162 0
163 1
163 0
164 1
165 1
166 1
167 1
167 0
168 1
168 0
169 1
171 1
171 0
173 1
173 0
174 1
174 0
175 0
176 1
177 1
177 0
178 1
178 0
180 1
180 0
182 0
183 1
184 1
185 1
185 0
186 1
187 1
188 1
190 1
191 1
193 0
194 1
194 0
195 1
195 0
196 1
198 1
199 0
201 1
202 1
204 0
205 1
205 0
207 1
207 0
208 1
211 1
211 0
212 1
213 1
213 0
215 1
216 1
217 1
217 0
218 1
220 1
221 1
221 0
222 1
224 1
227 1
227 0
228 1
228 0
229 0
230 0
231 1
232 1
233 1
235 1
237 0
238 1
239 1
240 1
241 1
242 1
242 0
243 1
244 1
244 0
245 1
253 1
259 1
262 0
264 0
266 1
267 1
267 0
273 1
274 1
274 0
276 0
277 1
277 0
278 1
278 0
279 1
280 1
281 1
281 0
283 1
286 1
287 0
289 1
290 1
291 1
293 0
294 1
294 0
299 1
300 1
301 1
301 0
302 1
303 1
307 1
309 0
310 1
311 1
311 0
317 0
318 0
320 1
320 0
321 0
324 1
325 1
327 1
327 0
328 1
328 0
329 1
336 1
337 1
338 1
340 1
342 1
343 0
344 1
345 1
346 1
347 1
347 0
348 1
348 0
349 1
349 0
350 1
351 1
352 1
353 1
353 0
356 1
358 0
359 1
368 1
370 1
372 1
373 1
373 0
381 0
383 1
385 1
388 1
391 0
394 1
394 0
396 1
396 0
397 1
397 0
398 0
399 1
399 0
400 1
401 1
402 1
402 0
409 1
409 0
410 1
415 1
418 1
419 0
421 1
421 0
426 1
427 1
427 0
428 1
431 1
431 0
438 1
439 1
441 1
445 1
445 0
448 0
449 1
449 0
450 1
451 1
451 0
452 1
452 0
453 1
453 0
454 1
456 1
459 0
460 1
461 1
466 0
469 1
469 0
470 0
471 1
471 0
472 1
473 1
474 1
474 0
475 1
476 1
477 1
478 1
479 0
480 1
486 1
487 1
487 0
488 1
488 0
489 1
489 0
490 1
494 1
496 1
499 1
500 1
500 0
502 1
502 0
503 1
503 0
504 1
504 0
505 0
506 1
509 1
511 0
512 1
512 0
516 1
518 0
521 1
522 1
522 0
525 1
527 1
527 0
528 1
528 0
535 1
542 1
542 0
543 1
546 1
546 0
550 1
554 1
556 1
556 0
562 1
562 0
565 1
565 0
570 1
575 1
575 0
577 1
577 0
584 1
584 0
587 0
588 1
588 0
590 1
592 0
598 0
599 1
599 0
603 1
604 1
604 0
605 1
605 0
606 1
606 0
608 1
609 1
609 0
610 1
613 0
614 1
614 0
615 1
615 0
616 1
616 0
617 1
622 1
623 1
623 0
624 1
624 0
625 1
625 0
628 0
629 0
630 1
631 1
631 0
634 1
635 1
635 0
642 1
643 1
644 0
646 0
652 1
652 0
653 1
661 0
669 1
672 1
675 0
676 0
677 1
678 1
679 1
679 0
680 1
681 1
681 0
682 1
683 1
683 0
686 1
686 0
688 1
690 1
690 0
691 1
694 1
694 0
695 1
697 1
697 0
698 1
700 1
701 1
702 1
702 0
706 0
707 1
707 0
708 1
709 1
709 0
710 1
711 0
712 1
713 1
713 0
714 1
715 1
716 1
718 1
718 0
720 1
720 0
721 1
721 0
725 1
727 0
730 1
731 1
732 1
735 1
735 0
737 1
737 0
739 1
745 1
745 0
749 0
751 1
751 0
753 0
756 1
757 1
758 1
758 0
761 1
762 1
765 1
765 0
767 1
768 1
774 0
777 1
777 0
780 1
780 0
783 1
784 0
786 1
786 0
790 1
792 1
792 0
799 1
802 1
806 1
815 1
819 1
819 0
822 1
822 0
823 0
824 1
824 0
825 1
828 1
830 1
830 0
831 1
831 0
832 0
833 1
834 1
835 1
835 0
837 1
838 1
842 1
843 1
843 0
844 1
846 1
848 1
848 0
852 0
856 1
857 0
860 1
860 0
863 1
863 0
865 1
865 0
866 1
866 0
876 1
876 0
877 1
879 1
883 0
885 1
889 1
891 1
891 0
895 0
897 1
898 1
899 1
899 0
900 0
901 1
902 1
906 1
906 0
907 1
910 1
910 0
911 1
912 0
913 1
913 0
914 1
914 0
919 0
920 1
921 1
922 0
927 1
927 0
931 1
931 0
932 0
933 1
940 1
942 1
942 0
943 1
944 0
946 1
948 1
959 1
974 1
974 0
975 0
976 1
978 1
978 0
982 1
982 0
984 1
984 0
988 1
990 1
990 0
993 1
996 1
996 0
999 1
1001 1
1002 1
1002 0
1008 1
1018 1
1018 0
1019 0
1021 1
1021 0
1022 1
1022 0
1026 0
1030 1
1030 0
1033 0
1035 0
1038 1
1039 1
1042 1
1042 0
1046 0
1048 0
1051 1
1054 0
1055 1
1056 0
1058 1
1061 1
1061 0
1063 1
1064 1
1064 0
1065 1
1065 0
1066 1
1068 1
1068 0
1069 0
1073 1
1073 0
1080 1
1081 0
1082 1
1083 1
1084 1
1086 1
1086 0
1087 1
1087 0
1089 1
1092 1
1094 1
1095 1
1095 0
1105 1
1109 1
1109 0
1110 1
1111 0
1112 0
1113 1
1114 1
1115 1
1115 0
1116 1
1116 0
1117 1
1117 0
1118 1
1118 0
1119 1
1119 0
1120 1
1122 1
1123 0
1124 1
1126 1
1126 0
1127 1
1128 0
1129 0
1130 1
1131 1
1132 1
1132 0
1133 1
1133 0
1134 1
1134 0
1135 1
1136 0
1137 1
1138 1
1140 1
1142 1
1143 0
1144 0
1148 1
1149 0
1151 1
1151 0
1152 1
1152 0
1153 0
1156 1
1156 0
1158 1
1159 1
1159 0
1164 0
1165 0
1167 0
1170 1
1173 1
1173 0
1175 1
1175 0
1176 0
1177 1
1177 0
1179 1
1182 1
1183 1
1183 0
1186 0
1187 1
1187 0
1188 1
1188 0
1189 0
1190 1
1190 0
1191 1
1195 1
1195 0
1196 1
1196 0
1198 1
1198 0
1199 1
1202 1
1203 1
1205 1
1205 0
1209 1
1209 0
1214 1
1219 1
1226 1
1227 0
1231 1
1233 1
1233 0
1234 1
1235 1
1237 0
1238 1
1241 0
1243 1
1244 1
1245 0
1249 1
1249 0
1250 1
1250 0
1252 1
1252 0
1253 1
1253 0
1255 1
1255 0
1256 0
1257 1
1257 0
1258 1
1258 0
1259 1
1266 1
1266 0
1267 1
1267 0
1269 0
1270 0
1271 0
1272 1
1273 1
1273 0
1280 1
1280 0
1283 0
1284 1
1284 0
1286 1
1286 0
1287 1
1287 0
1288 1
1290 1
1292 1
1292 0
1293 1
1293 0
1295 1
1295 0
1297 1
1297 0
1299 1
1299 0
1301 1
1301 0
1304 0
1309 1
1309 0
1310 1
1311 1
1312 1
1313 1
1314 0
1323 1
1323 0
1326 1
1327 1
1337 1
1337 0
1342 1
1342 0
1354 1
1359 1
1359 0
1360 0
1364 1
1366 1
1366 0
1367 1
1369 1
1375 1
1380 1
1380 0
1382 1
1382 0
1383 1
1384 0
1385 1
1387 0
1388 1
1390 0
1392 0
1396 0
1397 1
1397 0
1399 0
1402 1
1406 1
1406 0
1408 1
1414 0
1417 1
1417 0
1432 1
1436 1
1437 1
1437 0
1444 1
1449 0
1463 1
1463 0
1464 1
1464 0
1465 1
1465 0
1469 1
1470 0
1471 1
1472 0
1473 0
1474 1
1474 0
1475 0
1476 1
1479 1
1479 0
1480 1
1480 0
1481 1
1486 1
1488 1
1491 1
1491 0
1496 1
1498 0
1500 1
1501 1
1501 0
1505 1
1506 1
1506 0
1508 0
1509 1
1512 1
1513 1
1515 1
1515 0
1516 1
1516 0
1518 1
1518 0
1519 1
1521 1
1521 0
1522 1
1524 0
1525 0
1527 1
1527 0
1528 1
1529 0
1531 1
1533 1
1533 0
1536 1
1536 0
1537 1
1539 0
1540 0
1541 1
1541 0
1542 1
1543 1
1544 1
1546 1
1546 0
1549 1
1550 1
1550 0
1553 1
1553 0
1555 1
1555 0
1557 1
1557 0
1558 1
1558 0
1559 1
1561 1
1561 0
1562 1
1562 0
1563 0
1565 1
1567 1
1567 0
1569 1
1570 0
1572 0
1573 0
1576 0
1577 1
1578 1
1578 0
1580 1
1580 0
1583 0
1584 0
1586 0
1587 1
1587 0
1589 1
1589 0
1590 1
1591 1
1591 0
1594 0
1595 1
1596 0
1598 0
1600 1
1600 0
1601 1
1601 0
1602 1
1604 1
1604 0
1605 1
1605 0
1606 1
1608 1
1608 0
1609 0
1610 1
1611 1
1611 0
1613 1
1615 0
1617 1
1617 0
1618 0
1619 1
1623 1
1625 1
1625 0
1627 1
1627 0
1629 0
1630 1
1632 1
1633 1
1636 1
1638 0
1640 1
1641 1
1643 1
1643 0
1644 0
1650 1
1652 1
1652 0
1654 1
1655 1
1657 1
1657 0
1658 1
1658 0
1667 1
1667 0
1668 1
1668 0
1670 1
1671 0
1672 1
1672 0
1674 1
1675 1
1675 0
1677 1
1678 1
1680 0
1681 1
1681 0
1682 1
1682 0
1685 1
1688 1
1691 1
1691 0
1693 1
1693 0
1695 0
1699 1
1699 0
1701 0
1702 1
1703 0
1704 1
1705 1
1706 0
1707 1
1707 0
1708 1
1709 1
1709 0
1710 1
1710 0
1711 1
1711 0
1712 1
1712 0
1714 1
1714 0
1715 1
1716 1
1717 1
1719 1
1719 0
1722 1
1723 1
1729 0
1730 1
1730 0
1731 1
1731 0
1732 1
1733 1
1733 0
1734 1
1737 1
1737 0
1742 0
1743 1
1743 0
1744 1
1744 0
1745 0
1746 1
1746 0
1747 1
1747 0
1748 1
1748 0
1749 1
1752 1
1752 0
1753 1
1753 0
1754 1
1754 0
1756 1
1756 0
1758 1
1759 1
1760 1
1760 0
1761 1
1761 0
1763 1
1763 0
1764 1
1764 0
1765 1
1766 1
1767 1
1767 0
1768 1
1768 0
1769 1
1769 0
1770 0
1774 1
1776 1
1776 0
1778 1
1780 1
1780 0
1781 1
1781 0
1783 1
1784 1
1788 1
1788 0
1790 1
1790 0
1794 1
1797 1
1798 1
1803 1
1803 0
1805 1
1806 1
1806 0
1809 1
1809 0
1810 1
1811 1
1811 0
1817 1
1817 0
1818 0
1821 1
1822 1
1831 1
1831 0
1834 1
1834 0
1835 1
1836 1
1836 0
1837 1
1840 1
1840 0
1841 1
1842 1
1842 0
1843 1
1843 0
1844 1
1844 0
1852 1
1852 0
1854 1
1855 1
1859 0
1861 1
1861 0
1863 1
1863 0
1867 0
1872 1
1872 0
1876 1
1876 0
1877 1
1878 1
1880 1
1880 0
1885 1
1895 0
1898 1
1904 1
1906 1
1909 1
1909 0
1916 1
1916 0
1919 1
1923 0
1930 0
1934 1
1935 0
1939 1
1939 0
1940 1
1940 0
1942 1
1949 1
1949 0
1951 1
1951 0
1954 1
1954 0
1955 1
1960 0
1965 1
1965 0
1967 0
1972 1
1978 0
1979 1
1979 0
1980 0
1983 1
1983 0
1984 1
1984 0
1991 1
1991 0
1993 1
1997 1
2003 1
2010 1
2010 0
2012 1
2013 1
2013 0
2025 1
2025 0
2026 1
2026 0
2035 1
2035 0
2036 1
2036 0
2038 1
2039 0
2040 1
2042 1
2045 1
2047 1
2047 0
2048 1
2048 0
2051 0
2054 1
2054 0
2056 1
2056 0
2062 0
2063 1
2064 1
2065 1
2066 1
2066 0
2067 0
2069 1
2069 0
2070 1
2070 0
2073 1
2074 1
2075 0
2076 1
2076 0
2077 1
2078 1
2079 0
2083 0
2087 1
2087 0
2093 0
2094 1
2096 1
2096 0
2098 1
2098 0
2099 0
2104 1
2104 0
2105 1
2105 0
2106 1
2107 1
2109 0
2110 0
2113 1
2113 0
2114 1
2114 0
2116 0
2117 1
2118 1
2118 0
2120 1
2121 1
2127 0
2128 1
2128 0
2129 1
2129 0
2133 1
2139 1
2139 0
2143 0
2144 1
2146 0
2147 0
2148 1
2150 0
2151 1
2152 0
2153 1
2158 1
2158 0
2166 1
2166 0
2169 1
2170 1
2171 1
2176 0
2179 1
2179 0
2186 1
2186 0
2187 1
2187 0
2191 1
2191 0
2194 1
2195 1
2196 1
2198 0
2200 1
2200 0
2201 1
2205 1
2205 0
2210 1
2213 0
2217 0
2219 1
2219 0
2223 0
2224 1
2225 1
2225 0
2226 1
2227 0
2229 1
2229 0
2230 0
2231 1
2233 1
2234 0
2235 0
2236 1
2238 0
2241 1
2241 0
2245 0
2246 1
2249 0
2253 0
2255 1
2255 0
2256 1
2256 0
2257 1
2258 0
2259 0
2260 1
2261 1
2261 0
2262 1
2262 0
2264 1
2264 0
2265 1
2265 0
2268 1
2268 0
2269 1
2270 0
2271 1
2271 0
2272 1
2272 0
2273 1
2274 0
2275 1
2275 0
2277 1
2277 0
2278 1
2280 1
2281 1
2282 1
2282 0
2284 0
2285 1
2285 0
2287 0
2298 0
2299 1
2299 0
2301 0
2304 0
2305 1
2305 0
2308 1
2308 0
2311 1
2311 0
2314 1
2314 0
2315 1
2317 0
2318 0
2321 1
2322 1
2323 1
2323 0
2324 1
2324 0
2327 1
2327 0
2329 0
2331 1
2332 1
2332 0
2334 1
2336 1
2344 0
2345 1
2345 0
2350 1
2352 1
2354 1
2354 0
2358 1
2359 0
2370 1
2373 1
2373 0
2376 1
2376 0
2380 0
2384 0
2386 0
2387 1
2387 0
2388 0
2389 1
2389 0
2390 1
2390 0
2391 1
2391 0
2392 0
2393 0
2394 1
2394 0
2395 1
2395 0
2396 1
2397 1
2397 0
2401 1
2401 0
2404 1
2404 0
2405 0
2407 1
2407 0
2413 0
2414 1
2414 0
2415 0
2417 1
2417 0
2423 1
2423 0
2427 0
2429 1
2429 0
2432 1
2432 0
2433 1
2436 0
2439 0
2440 1
2443 1
2443 0
2447 1
2447 0
2448 1
2448 0
2450 1
2452 1
2452 0
2456 0
2459 1
2459 0
2461 0
2462 0
2463 1
2463 0
2464 1
2468 0
2470 1
2470 0
2471 0
2472 0
2473 0
2474 1
2474 0
2481 0
2485 1
2485 0
2486 1
2487 1
2487 0
2488 1
2489 0
2491 1
2494 1
2496 1
2496 0
2497 1
2497 0
2498 1
2498 0
2499 1
2499 0
2501 1
2501 0
2502 1
2502 0
2505 1
2506 0
2507 1
2507 0
2508 0
2510 1
2511 1
2511 0
2512 1
2512 0
2513 1
2513 0
2516 1
2519 1
2521 0
2530 1
2530 0
2532 1
2532 0
2533 1
2535 1
2535 0
2536 1
2536 0
2540 0
2541 1
2541 0
2542 1
2542 0
2550 1
2550 0
2559 0
2560 1
2562 1
2562 0
2564 1
2567 1
2567 0
2568 0
2569 0
2571 1
2571 0
2572 1
2574 1
2576 1
2579 1
2582 1
2582 0
2589 0
2595 0
2598 1
2600 0
2602 1
2602 0
2603 0
2605 1
2605 0
2606 1
2606 0
2607 1
2607 0
2608 0
2612 0
2613 1
2613 0
2614 1
2616 1
2618 1
2618 0
2619 1
2622 0
2623 1
2623 0
2624 1
2625 0
2626 1
2626 0
2627 1
2627 0
2633 1
2633 0
2638 1
2638 0
2639 1
2642 1
2642 0
2643 1
2643 0
2644 1
2647 1
2647 0
2648 1
2648 0
2650 0
2651 1
2651 0
2652 1
2652 0
2654 1
2654 0
2656 1
2656 0
2658 1
2658 0
2662 1
2663 1
2663 0
2664 1
2664 0
2665 0
2669 0
2670 1
2670 0
2674 0
2678 0
2679 1
2679 0
2680 1
2681 1
2681 0
2682 1
2683 1
2683 0
2684 1
2684 0
2685 1
2686 0
2690 1
2692 1
2692 0
2693 1
2696 0
2697 0
2698 1
2699 1
2699 0
2703 1
2705 1
2706 0
2707 1
2714 1
2714 0
2716 1
2716 0
2717 1
2717 0
2721 0
2730 0
2733 1
2733 0
2738 1
2738 0
2740 1
2741 1
2741 0
2742 1
2742 0
2743 1
2747 0
2748 1
2750 1
2750 0
2753 1
2753 0
2754 1
2754 0
2755 0
2758 1
2758 0
2763 1
2764 1
2764 0
2765 1
2765 0
2766 0
2769 1
2770 1
2770 0
2773 1
2774 0
2777 1
2777 0
2779 0
2780 1
2780 0
2781 1
2781 0
2783 1
2783 0
2786 1
2786 0
2790 1
2790 0
2791 1
2791 0
2792 0
2794 1
2796 1
2798 1
2799 1
2799 0
2802 0
2805 1
2806 1
2806 0
2807 1
2807 0
2808 1
2808 0
2809 0
2810 1
2810 0
2811 0
2813 0
2815 1
2816 1
2816 0
2818 1
2818 0
2819 1
2824 0
2825 1
2826 1
2826 0
2827 0
2828 1
2828 0
2831 0
2832 1
2832 0
2833 1
2833 0
2836 0
2837 1
2839 1
2840 1
2840 0
2841 1
2843 1
2843 0
2845 0
2850 1
2853 0
2854 1
2857 1
2857 0
2862 1
2863 0
2867 0
2868 1
2868 0
2869 1
2869 0
2871 1
2871 0
2872 1
2875 0
2877 0
2878 1
2879 0
2881 1
2881 0
2882 1
2882 0
2883 1
2885 1
2885 0
2886 0
2887 0
2888 1
2888 0
2890 1
2890 0
2892 1
2892 0
2893 1
2893 0
2894 1
2894 0
2896 1
2896 0
2897 1
2897 0
2900 1
2901 1
2902 0
2905 0
2906 1
2907 1
2912 1
2914 1
2914 0
2915 0
2916 1
2918 1
2918 0
2921 0
2923 1
2924 1
2928 1
2928 0
2933 1
2933 0
2935 1
2935 0
2936 1
2936 0
2937 1
2939 0
2942 0
2943 0
2944 1
2944 0
2948 0
2950 0
2952 1
2954 1
2956 1
2958 1
2958 0
2959 1
2959 0
2967 0
2970 1
2972 0
2973 1
2973 0
2974 0
2977 0
2981 1
2986 0
2987 1
2987 0
2988 1
2988 0
2989 1
2989 0
2990 0
2991 1
2991 0
2992 1
2992 0
2995 1
3000 1
3002 1
3002 0
3005 0
3006 1
3006 0
3010 1
3010 0
3013 1
3013 0
3016 1
3016 0
3017 0
3022 1
3022 0
3024 0
3025 1
3025 0
3027 0
3028 0
3032 0
3033 1
3035 0
3037 0
3041 1
3042 0
3043 0
3044 1
3044 0
3048 0
3049 1
3049 0
3051 0
3053 1
3053 0
3055 1
3055 0
3056 0
3059 0
3062 1
3065 1
3065 0
3068 1
3068 0
3069 0
3071 1
3071 0
3072 1
3072 0
3076 0
3079 0
3082 1
3083 1
3084 1
3084 0
3085 1
3088 1
3089 1
3089 0
3092 1
3093 0
3094 0
3095 1
3095 0
3096 1
3100 1
3100 0
3101 1
3103 1
3103 0
3104 1
3105 0
3106 0
3107 1
3107 0
3108 0
3110 1
3110 0
3111 1
3111 0
3112 1
3112 0
3117 1
3120 1
3121 1
3121 0
3126 1
3126 0
3130 1
3136 1
3136 0
3139 0
3140 1
3145 1
3145 0
3147 1
3150 1
3150 0
3151 1
3151 0
3152 1
3152 0
3153 1
3153 0
3154 1
3155 1
3156 1
3156 0
3160 1
3170 1
3170 0
3174 1
3174 0
3177 1
3178 1
3180 1
3181 0
3182 1
3182 0
3186 0
3187 1
3187 0
3188 0
3189 1
3189 0
3194 0
3197 1
3197 0
3200 0
3202 1
3203 1
3203 0
3204 1
3207 1
3209 1
3209 0
3210 1
3210 0
3212 1
3212 0
3215 0
3216 0
3218 1
3218 0
3219 1
3219 0
3223 0
3224 1
3224 0
3226 1
3226 0
3228 1
3228 0
3230 1
3230 0
3231 1
3234 1
3234 0
3235 1
3237 1
3237 0
3239 1
3239 0
3240 1
3240 0
3242 1
3242 0
3245 1
3245 0
3246 1
3246 0
3247 1
3249 1
3249 0
3250 0
3255 1
3257 1
3257 0
3258 1
3258 0
3263 0
3266 0
3268 1
3275 0
3276 0
3279 1
3280 1
3281 0
3284 1
3286 0
3289 0
3290 0
3292 1
3294 0
3296 1
3299 1
3299 0
3300 0
3306 1
3306 0
3308 1
3308 0
3309 1
3311 1
3312 1
3312 0
3315 0
3316 1
3318 1
3318 0
3322 1
3322 0
3325 0
3326 1
3326 0
3327 1
3327 0
3329 1
3330 0
3337 1
3338 0
3339 0
3344 1
3344 0
3347 0
3351 1
3351 0
3353 1
3353 0
3357 0
3360 0
3361 1
3361 0
3362 1
3362 0
3363 1
3363 0
3364 0
3365 0
3366 0
3367 1
3368 1
3368 0
3369 0
3370 1
3370 0
3371 0
3372 0
3373 1
3374 1
3375 1
3375 0
3376 1
3376 0
3383 1
3385 0
3386 1
3387 1
3388 1
3388 0
3393 1
3397 0
3399 0
3401 1
3401 0
3404 1
3404 0
3406 0
3407 0
3409 0
3411 1
3411 0
3412 0
3413 1
3419 1
3419 0
3421 0
3422 1
3422 0
3424 1
3424 0
3430 1
3435 1
3435 0
3437 0
3439 1
3441 1
3441 0
3448 1
3449 0
3455 0
3458 0
3459 0
3465 1
3473 1
3473 0
3474 0
3475 1
3475 0
3476 1
3476 0
3477 0
3478 0
3479 1
3485 1
3485 0
3486 0
3487 1
3490 0
3492 0
3494 0
3495 1
3502 0
3509 1
3509 0
3511 1
3511 0
3512 0
3518 0
3519 0
3520 0
3521 1
3522 0
3523 1
3523 0
3524 0
3530 0
3532 1
3532 0
3536 0
3537 0
3538 1
3540 1
3540 0
3542 1
3542 0
3543 1
3543 0
3546 0
3548 0
3549 1
3549 0
3550 1
3553 0
3561 1
3563 1
3563 0
3565 1
3565 0
3566 1
3566 0
3571 0
3572 1
3572 0
3573 0
3574 1
3575 1
3575 0
3576 0
3578 0
3581 0
3584 1
3584 0
3585 1
3587 1
3589 1
3592 0
3599 0
3600 0
3602 1
3606 0
3610 0
3611 1
3611 0
3613 1
3614 0
3619 1
3619 0
3620 0
3623 0
3625 1
3625 0
3628 1
3629 0
3630 1
3630 0
3631 0
3634 1
3634 0
3639 1
3639 0
3642 1
3646 0
3648 1
3648 0
3652 0
3653 0
3654 1
3655 0
3656 0
3660 1
3665 1
3665 0
3666 0
3673 0
3675 0
3677 1
3677 0
3678 0
3679 0
3680 0
3683 1
3683 0
3684 1
3686 1
3686 0
3689 0
3690 1
3693 1
3693 0
3697 1
3701 1
3701 0
3702 1
3703 0
3707 1
3709 1
3709 0
3711 1
3711 0
3713 1
3715 1
3719 0
3721 0
3722 1
3722 0
3724 1
3725 1
3726 1
3728 0
3730 0
3731 1
3731 0
3732 0
3733 1
3734 0
3735 1
3736 0
3738 1
3738 0
3740 0
3741 0
3744 1
3744 0
3746 1
3746 0
3747 0
3749 1
3749 0
3760 1
3760 0
3761 1
3762 1
3762 0
3763 1
3763 0
3773 1
3774 1
3775 1
3775 0
3776 1
3776 0
3777 1
3777 0
3778 0
3779 1
3779 0
3780 0
3782 0
3783 1
3783 0
3786 0
3787 0
3788 0
3791 1
3791 0
3792 1
3792 0
3797 1
3799 0
3801 1
3801 0
3808 1
3808 0
3810 0
3811 0
3815 0
3817 1
3819 0
3821 1
3821 0
3822 1
3822 0
3824 0
3825 0
3826 0
3827 1
3827 0
3828 0
3829 1
3829 0
3832 1
3832 0
3834 1
3834 0
3835 1
3835 0
3837 1
3837 0
3841 0
3842 0
3843 0
3844 0
3845 1
3848 1
3848 0
3852 1
3852 0
3854 1
3856 0
3857 1
3860 1
3860 0
3861 0
3863 0
3864 1
3864 0
3865 1
3865 0
3866 0
3868 1
3869 1
3872 1
3872 0
3873 0
3874 0
3875 1
3878 0
3879 0
3883 0
3885 0
3887 0
3888 1
3888 0
3889 0
3891 1
3892 1
3893 1
3895 0
3897 1
3899 0
3900 1
3902 1
3902 0
3903 1
3903 0
3904 1
3904 0
3906 1
3906 0
3907 0
3909 1
3909 0
3911 0
3912 0
3913 0
3916 1
3916 0
3917 0
3920 1
3923 1
3926 0
3928 1
3929 0
3933 0
3934 1
3934 0
3935 0
3937 0
3939 1
3939 0
3940 0
3942 1
3942 0
3943 1
3943 0
3951 1
3951 0
3952 0
3953 1
3954 1
3954 0
3955 1
3955 0
3956 1
3956 0
3957 1
3957 0
3958 0
3959 1
3959 0
3961 1
3961 0
3962 1
3964 0
3965 1
3965 0
3966 1
3966 0
3968 0
3969 1
3973 1
3975 0
3977 1
3977 0
3979 1
3984 0
3985 1
3985 0
3990 1
3990 0
3995 1
3995 0
3999 1
4005 1
4006 1
4007 1
4007 0
4008 1
4008 0
4011 1
4011 0
4012 0
4014 1
4015 0
4017 1
4017 0
4020 0
4026 0
4032 0
4035 0
4040 0
4041 0
4042 0
4045 1
4047 0
4049 1
4050 0
4052 1
4052 0
4053 1
4053 0
4055 1
4055 0
4057 0
4059 1
4061 0
4066 0
4080 1
4086 1
4087 1
4087 0
4097 1
4098 1
4098 0
4099 1
4105 0
4114 0
4116 0
4117 0
4120 1
4120 0
4121 1
4122 1
4123 0
4125 1
4125 0
4129 0
4135 1
4140 1
4140 0
4145 0
4149 1
4152 0
4158 1
4158 0
4165 0
4167 0
4168 1
4168 0
4170 1
4170 0
4171 1
4173 0
4174 0
4179 0
4187 1
4187 0
4189 1
4189 0
4195 1
4196 1
4198 1
4200 0
4203 0
4204 0
4205 0
4208 0
4210 1
4210 0
4214 1
4214 0
4215 0
4218 1
4218 0
4219 1
4222 0
4223 1
4223 0
4227 0
4228 1
4229 0
4235 1
4235 0
4236 1
4236 0
4237 1
4240 0
4242 1
4243 0
4246 1
4249 0
4251 1
4251 0
4252 1
4252 0
4253 0
4255 0
4257 0
4260 1
4260 0
4261 1
4261 0
4262 0
4263 0
4264 0
4265 1
4267 1
4267 0
4268 1
4268 0
4269 1
4270 1
4270 0
4272 0
4273 0
4275 1
4277 1
4277 0
4280 1
4280 0
4281 1
4281 0
4286 0
4288 0
4292 0
4293 0
4295 0
4297 1
4298 1
4298 0
4299 0
4302 1
4302 0
4304 1
4305 1
4305 0
4306 0
4311 1
4314 1
4314 0
4323 1
4323 0
4324 1
4324 0
4325 0
4329 0
4333 0
4334 1
4334 0
4338 0
4339 0
4341 0
4342 1
4342 0
4343 0
4353 1
4353 0
4354 1
4359 1
4362 0
4365 0
4369 0
4370 1
4370 0
4373 1
4373 0
4375 1
4375 0
4377 1
4377 0
4378 1
4379 1
4379 0
4380 1
4380 0
4382 1
4383 1
4383 0
4384 1
4387 1
4387 0
4390 0
4392 1
4392 0
4393 0
4394 0
4395 1
4396 0
4399 1
4399 0
4401 0
4404 1
4404 0
4406 0
4407 1
4407 0
4408 0
4409 1
4411 1
4414 1
4414 0
4417 0
4418 1
4418 0
4419 1
4419 0
4420 0
4422 0
4424 1
4424 0
4425 1
4425 0
4427 1
4427 0
4429 1
4429 0
4430 1
4430 0
4433 0
4434 1
4434 0
4437 0
4438 0
4439 1
4439 0
4441 1
4442 0
4443 0
4444 1
4449 0
4452 1
4452 0
4454 1
4454 0
4455 1
4455 0
4457 1
4457 0
4459 1
4461 0
4462 0
4465 1
4465 0
4466 0
4468 0
4473 0
4476 0
4478 1
4479 1
4479 0
4480 1
4481 0
4483 1
4483 0
4487 1
4487 0
4488 0
4495 1
4497 1
4497 0
4498 0
4501 1
4501 0
4502 0
4503 0
4506 1
4506 0
4508 1
4508 0
4518 1
4518 0
4519 0
4521 0
4522 1
4522 0
4524 1
4524 0
4525 0
4527 1
4527 0
4528 0
4530 1
4530 0
4531 0
4532 1
4532 0
4533 1
4533 0
4534 1
4534 0
4535 1
4537 1
4538 0
4540 0
4543 0
4545 1
4545 0
4546 0
4548 1
4548 0
4549 1
4549 0
4550 1
4553 1
4553 0
4555 0
4556 1
4556 0
4558 1
4559 0
4560 1
4567 1
4580 0
4587 1
4589 0
4590 0
4591 1
4595 0
4596 1
4598 0
4599 1
4599 0
4601 0
4602 0
4604 1
4604 0
4605 0
4606 0
4613 0
4614 0
4615 0
4616 1
4616 0
4617 0
4619 1
4619 0
4620 1
4620 0
4622 0
4626 1
4626 0
4628 0
4629 0
4631 0
4632 1
4632 0
4633 1
4633 0
4634 1
4636 0
4637 0
4638 1
4639 0
4641 1
4642 1
4642 0
4644 0
4645 1
4645 0
4646 0
4649 1
4649 0
4652 0
4655 0
4657 0
4658 1
4658 0
4660 0
4663 0
4664 0
4665 0
4666 1
4666 0
4667 1
4670 0
4671 1
4671 0
4672 1
4672 0
4673 0
4676 1
4676 0
4677 1
4677 0
4678 0
4684 0
4685 1
4685 0
4687 0
4688 0
4689 1
4689 0
4690 0
4691 0
4692 1
4694 1
4695 0
4696 1
4696 0
4697 1
4697 0
4698 1
4698 0
4699 1
4700 0
4702 1
4703 0
4704 0
4705 0
4706 0
4707 0
4709 1
4710 0
4711 1
4715 0
4717 0
4720 1
4720 0
4721 1
4721 0
4722 0
4723 0
4724 0
4725 1
4725 0
4726 1
4726 0
4730 1
4730 0
4731 1
4731 0
4732 1
4732 0
4733 0
4734 1
4734 0
4735 0
4736 1
4736 0
4737 0
4738 1
4738 0
4739 0
4740 0
4743 1
4743 0
4744 0
4745 0
4746 1
4746 0
4747 1
4747 0
4748 1
4748 0
4750 0
4751 1
4751 0
4752 0
4753 1
4753 0
4754 1
4754 0
4756 1
4756 0
4757 0
4763 1
4763 0
4764 0
4765 0
4767 0
4771 0
4773 1
4774 1
4774 0
4776 1
4776 0
4779 1
4779 0
4781 0
4782 1
4782 0
4784 1
4784 0
4786 1
4786 0
4787 1
4788 1
4791 0
4792 0
4793 1
4793 0
4794 1
4794 0
4800 0
4803 0
4808 0
4809 1
4809 0
4811 0
4812 1
4812 0
4815 1
4815 0
4817 0
4825 1
4825 0
4826 0
4828 0
4829 0
4831 0
4832 0
4833 1
4833 0
4835 0
4836 1
4836 0
4837 0
4838 0
4839 0
4840 1
4841 0
4843 1
4843 0
4845 0
4846 0
4849 1
4850 0
4851 1
4851 0
4852 1
4852 0
4856 0
4860 1
4860 0
4861 0
4863 0
4864 0
4867 0
4868 0
4869 1
4872 1
4872 0
4874 1
4877 0
4879 0
4883 0
4886 0
4889 0
4891 0
4892 0
4894 1
4900 0
4903 0
4904 1
4905 0
4909 1
4911 1
4911 0
4912 0
4914 0
4921 1
4921 0
4922 1
4922 0
4926 1
4927 0
4930 0
4931 0
4932 1
4932 0
4935 1
4935 0
4936 0
4937 1
4937 0
4938 1
4938 0
4939 1
4940 1
4940 0
4941 0
4942 0
4943 0
4944 1
4944 0
4945 0
4946 1
4946 0
4948 1
4948 0
4949 0
4950 1
4950 0
4952 0
4953 1
4953 0
4954 0
4955 0
4956 1
4956 0
4957 0
4958 0
4959 0
4960 1
4962 0
4963 1
4963 0
4964 0
4965 0
4966 1
4967 0
4973 0
4979 1
4980 0
4982 1
4982 0
4983 0
4986 0
4987 0
4988 0
4989 0
4990 1
4990 0
4991 1
4991 0
4992 1
4992 0
4993 1
4993 0
4994 0
4995 0
4996 0
4997 1
4997 0
4998 0
4999 0
