LRUAggregateDelayCache;12;1;12
0;0;10;0
1;1;10;0
5;1;6;1
11;1;0;0
2;2;10;0
3;3;10;0
4;4;10;0
15;1;0;0
6;5;10;0
7;5;9;1
10;5;6;2
12;5;4;3
16;1;0;0
8;6;10;0
18;5;0;0
9;7;10;0
20;5;0;0
13;8;10;0
14;8;9;1
25;5;0;0
26;1;0;0
17;9;10;0
28;1;0;0
19;10;10;0
29;5;0;0
30;1;0;0
21;11;10;0
22;11;9;1
31;1;0;0
32;1;0;0
23;12;10;0
24;13;10;0
36;1;0;0
27;14;10;0
38;14;0;0
39;1;0;0
33;15;10;0
40;15;3;1
41;15;2;2
34;16;10;0
35;17;10;0
37;18;10;0
47;15;0;0
48;14;0;0
51;15;0;0
42;19;10;0
52;1;0;0
43;2;10;0
44;2;9;1
54;15;0;0
45;20;10;0
49;20;6;1
46;21;10;0
56;15;0;0
50;22;10;0
60;11;0;0
53;0;10;0
55;0;8;1
57;0;6;2
59;0;4;3
61;0;2;4
64;20;0;0
65;20;0;0
66;20;0;0
67;20;0;0
58;9;10;0
68;2;0;0
69;9;0;0
62;7;10;0
72;11;0;0
63;23;10;0
77;20;0;0
70;8;10;0
73;8;7;1
74;8;6;2
79;8;1;3
80;8;0;0
71;24;10;0
81;8;0;0
82;8;0;0
75;25;10;0
85;0;0;0
76;26;10;0
78;27;10;0
88;0;0;0
90;0;0;0
91;0;0;0
83;28;10;0
84;29;10;0
94;11;0;0
95;11;0;0
86;30;10;0
87;31;10;0
92;31;5;1
93;31;4;2
89;32;10;0
96;33;10;0
97;34;10;0
98;35;10;0
108;0;0;0
99;36;10;0
100;17;10;0
101;7;10;0
102;37;10;0
112;0;0;0
103;38;10;0
104;39;10;0
107;39;7;1
105;40;10;0
110;40;5;1
113;40;2;2
106;41;10;0
117;0;0;0
118;40;0;0
109;42;10;0
119;40;0;0
120;7;0;0
111;43;10;0
114;43;7;1
115;44;10;0
116;44;9;1
125;0;0;0
129;11;0;0
121;45;10;0
122;46;10;0
123;46;9;1
124;17;10;0
126;47;10;0
128;47;8;1
127;48;10;0
139;47;0;0
130;49;10;0
131;3;10;0
141;11;0;0
132;50;10;0
133;51;10;0
134;51;9;1
135;52;10;0
136;52;9;1
137;53;10;0
138;53;9;1
144;53;3;2
145;53;2;3
146;53;1;4
148;53;0;0
140;54;10;0
150;53;0;0
142;55;10;0
152;11;0;0
143;56;10;0
147;57;10;0
149;58;10;0
151;59;10;0
153;60;10;0
154;43;10;0
155;61;10;0
156;62;10;0
157;7;10;0
158;63;10;0
159;63;9;1
160;63;8;2
161;63;7;3
162;64;10;0
163;65;10;0
164;66;10;0
165;67;10;0
166;68;10;0
167;69;10;0
168;70;10;0
169;71;10;0
170;71;9;1
171;72;10;0
172;3;10;0
175;3;7;1
173;73;10;0
174;74;10;0
176;75;10;0
177;76;10;0
178;77;10;0
179;7;10;0
181;7;8;1
180;78;10;0
182;39;10;0
183;79;10;0
184;80;10;0
185;81;10;0
186;82;10;0
189;82;7;1
192;82;4;2
193;82;3;3
187;83;10;0
188;84;10;0
190;85;10;0
200;7;0;0
191;86;10;0
194;87;10;0
195;88;10;0
196;89;10;0
199;89;7;1
206;86;0;0
197;24;10;0
198;90;10;0
201;91;10;0
202;92;10;0
203;92;9;1
204;92;8;2
214;86;0;0
205;93;10;0
207;94;10;0
208;95;10;0
209;52;10;0
210;52;9;1
219;86;0;0
211;96;10;0
212;97;10;0
213;98;10;0
215;99;10;0
216;100;10;0
226;86;0;0
217;101;10;0
218;102;10;0
220;103;10;0
230;86;0;0
221;104;10;0
222;105;10;0
223;105;9;1
224;106;10;0
225;7;10;0
227;107;10;0
228;108;10;0
229;35;10;0
231;109;10;0
232;110;10;0
233;111;10;0
237;111;6;1
234;83;10;0
235;112;10;0
236;112;9;1
238;113;10;0
239;114;10;0
240;115;10;0
241;116;10;0
242;117;10;0
243;118;10;0
247;118;6;1
244;119;10;0
254;118;0;0
245;120;10;0
255;118;0;0
246;63;10;0
248;63;8;1
249;63;7;2
250;63;6;3
251;63;5;4
252;63;4;5
256;118;0;0
257;118;0;0
258;118;0;0
260;118;0;0
261;118;0;0
262;118;0;0
253;121;10;0
259;122;10;0
263;47;10;0
264;47;9;1
265;44;10;0
266;123;10;0
267;124;10;0
268;46;10;0
269;46;9;1
272;46;6;2
270;56;10;0
271;7;10;0
273;125;10;0
274;126;10;0
275;51;10;0
276;51;9;1
277;127;10;0
278;128;10;0
279;129;10;0
282;129;7;1
285;129;4;2
288;129;1;3
280;130;10;0
281;131;10;0
283;132;10;0
284;12;10;0
286;133;10;0
287;133;9;1
298;129;0;0
289;134;10;0
290;135;10;0
293;135;7;1
291;136;10;0
292;26;10;0
297;26;5;1
294;137;10;0
295;52;10;0
296;7;10;0
306;129;0;0
299;138;10;0
300;139;10;0
301;140;10;0
302;141;10;0
304;141;8;1
303;142;10;0
314;129;0;0
305;71;10;0
308;71;7;1
309;71;6;2
307;143;10;0
319;129;0;0
310;144;10;0
311;145;10;0
312;49;10;0
322;141;0;0
313;14;10;0
316;14;7;1
318;14;5;2
315;103;10;0
317;106;10;0
320;146;10;0
321;43;10;0
323;136;10;0
324;147;10;0
325;148;10;0
326;148;9;1
330;148;5;2
331;148;4;3
332;148;3;4
333;148;2;5
335;148;0;0
327;149;10;0
328;150;10;0
329;151;10;0
343;148;0;0
334;7;10;0
336;152;10;0
337;153;10;0
338;154;10;0
339;102;10;0
341;102;8;1
340;155;10;0
342;156;10;0
344;157;10;0
345;158;10;0
346;159;10;0
347;160;10;0
348;161;10;0
349;162;10;0
350;163;10;0
351;164;10;0
352;165;10;0
354;165;8;1
357;165;5;2
358;165;4;3
353;166;10;0
355;100;10;0
356;167;10;0
360;167;6;1
364;167;2;2
367;167;0;0
359;168;10;0
369;167;0;0
361;105;10;0
362;83;10;0
363;136;10;0
374;167;0;0
365;7;10;0
366;52;10;0
371;52;5;1
375;52;1;2
376;167;0;0
368;169;10;0
370;170;10;0
372;171;10;0
382;167;0;0
373;172;10;0
384;167;0;0
386;167;0;0
377;26;10;0
387;167;0;0
378;63;10;0
379;63;9;1
380;63;8;2
381;63;7;3
383;173;10;0
385;174;10;0
393;174;2;1
388;175;10;0
392;175;6;1
395;175;3;2
398;175;0;0
389;112;10;0
390;112;9;1
391;139;10;0
394;176;10;0
404;174;0;0
396;177;10;0
397;178;10;0
399;179;10;0
400;180;10;0
401;181;10;0
402;182;10;0
403;44;10;0
405;44;8;1
406;13;10;0
407;7;10;0
408;68;10;0
409;183;10;0
410;184;10;0
420;184;0;0
411;46;10;0
412;46;9;1
413;46;8;2
414;46;7;3
422;46;0;0
423;46;0;0
415;185;10;0
416;185;9;1
425;184;0;0
417;12;10;0
418;186;10;0
419;186;9;1
430;184;0;0
421;187;10;0
424;26;10;0
434;184;0;0
426;188;10;0
427;189;10;0
437;184;0;0
428;190;10;0
429;190;9;1
440;184;0;0
431;191;10;0
432;83;10;0
442;184;0;0
433;55;10;0
444;184;0;0
435;142;10;0
436;114;10;0
438;192;10;0
448;184;0;0
439;193;10;0
441;194;10;0
443;56;10;0
445;195;10;0
446;141;10;0
455;141;1;1
447;154;10;0
449;196;10;0
450;197;10;0
451;198;10;0
452;199;10;0
453;200;10;0
454;201;10;0
464;141;0;0
465;141;0;0
456;202;10;0
457;202;9;1
458;202;8;2
459;202;7;3
460;203;10;0
461;204;10;0
462;204;9;1
463;66;10;0
466;49;10;0
467;7;10;0
468;181;10;0
470;181;8;1
469;205;10;0
471;206;10;0
472;207;10;0
473;208;10;0
474;209;10;0
475;210;10;0
476;211;10;0
482;211;4;1
477;212;10;0
478;213;10;0
479;109;10;0
480;214;10;0
481;214;9;1
483;190;10;0
484;52;10;0
485;52;9;1
486;215;10;0
487;216;10;0
488;217;10;0
489;218;10;0
490;219;10;0
497;219;3;1
491;102;10;0
501;219;0;0
492;26;10;0
493;7;10;0
494;220;10;0
495;220;9;1
496;221;10;0
498;16;10;0
508;219;0;0
499;222;10;0
500;223;10;0
511;219;0;0
502;224;10;0
503;225;10;0
504;226;10;0
505;174;10;0
506;227;10;0
507;227;9;1
509;228;10;0
510;173;10;0
512;229;10;0
513;167;10;0
517;167;6;1
520;167;3;2
514;83;10;0
524;167;0;0
515;116;10;0
516;230;10;0
526;167;0;0
518;171;10;0
519;26;10;0
529;167;0;0
521;231;10;0
523;231;8;1
531;167;0;0
522;232;10;0
532;167;0;0
534;167;0;0
525;233;10;0
536;167;0;0
527;234;10;0
528;235;10;0
538;167;0;0
530;7;10;0
533;207;10;0
544;167;0;0
535;236;10;0
537;190;10;0
548;167;0;0
539;112;10;0
540;112;9;1
541;112;8;2
551;167;0;0
542;237;10;0
543;238;10;0
547;238;6;1
552;238;1;2
553;167;0;0
545;212;10;0
555;238;0;0
546;239;10;0
557;238;0;0
558;167;0;0
549;142;10;0
550;240;10;0
560;167;0;0
561;238;0;0
563;238;0;0
554;241;10;0
564;167;0;0
556;242;10;0
566;238;0;0
567;167;0;0
568;167;0;0
559;52;10;0
569;142;0;0
562;243;10;0
572;167;0;0
573;238;0;0
565;244;10;0
576;167;0;0
578;238;0;0
579;238;0;0
570;245;10;0
571;245;9;1
574;222;10;0
575;246;10;0
577;247;10;0
580;46;10;0
581;46;9;1
582;46;8;2
585;46;5;3
586;46;4;4
583;7;10;0
584;248;10;0
587;58;10;0
588;249;10;0
589;192;10;0
590;250;10;0
591;207;10;0
594;207;7;1
596;207;5;2
598;207;3;3
592;11;10;0
593;66;10;0
600;66;3;1
595;12;10;0
597;26;10;0
599;251;10;0
601;57;10;0
602;185;10;0
603;252;10;0
607;252;6;1
611;252;2;2
612;252;1;3
613;252;0;0
604;253;10;0
605;254;10;0
606;255;10;0
608;256;10;0
609;257;10;0
610;258;10;0
614;259;10;0
615;260;10;0
616;261;10;0
617;262;10;0
618;190;10;0
620;190;8;1
619;222;10;0
621;7;10;0
622;263;10;0
623;264;10;0
624;265;10;0
625;266;10;0
626;173;10;0
627;233;10;0
628;134;10;0
629;57;10;0
630;267;10;0
631;268;10;0
632;214;10;0
633;214;9;1
637;214;5;2
638;214;4;3
639;214;3;4
640;214;2;5
641;214;1;6
634;269;10;0
635;270;10;0
636;26;10;0
646;269;0;0
647;214;0;0
648;214;0;0
649;214;0;0
650;214;0;0
642;271;10;0
643;272;10;0
645;272;8;1
644;208;10;0
656;214;0;0
657;214;0;0
658;214;0;0
651;222;10;0
652;273;10;0
662;214;0;0
653;274;10;0
663;214;0;0
654;85;10;0
664;214;0;0
655;55;10;0
659;55;6;1
660;55;5;2
661;55;4;3
665;214;0;0
666;214;0;0
667;214;0;0
670;214;0;0
671;214;0;0
675;271;0;0
668;152;10;0
669;275;10;0
672;276;10;0
673;7;10;0
674;52;10;0
685;7;0;0
676;250;10;0
677;277;10;0
678;278;10;0
679;279;10;0
680;280;10;0
681;281;10;0
682;282;10;0
683;283;10;0
684;68;10;0
686;284;10;0
687;169;10;0
688;285;10;0
692;285;6;1
693;285;5;2
689;222;10;0
699;7;0;0
690;286;10;0
691;287;10;0
694;288;10;0
695;289;10;0
696;289;9;1
697;290;10;0
698;291;10;0
700;292;10;0
701;293;10;0
702;294;10;0
703;26;10;0
704;100;10;0
705;114;10;0
706;112;10;0
707;295;10;0
708;296;10;0
709;297;10;0
710;298;10;0
711;298;9;1
712;299;10;0
713;300;10;0
714;301;10;0
715;302;10;0
719;302;6;1
722;302;3;2
716;303;10;0
726;302;0;0
717;222;10;0
718;304;10;0
720;305;10;0
721;306;10;0
723;238;10;0
729;238;4;1
724;12;10;0
734;302;0;0
725;307;10;0
727;307;8;1
728;52;10;0
738;238;0;0
730;308;10;0
736;308;4;1
740;302;0;0
731;309;10;0
732;310;10;0
733;310;9;1
744;238;0;0
735;311;10;0
737;312;10;0
747;302;0;0
748;238;0;0
739;313;10;0
749;238;0;0
741;46;10;0
742;46;9;1
743;46;8;2
752;302;0;0
753;308;0;0
754;302;0;0
745;314;10;0
746;222;10;0
759;302;0;0
750;7;10;0
760;302;0;0
751;315;10;0
764;302;0;0
755;303;10;0
756;316;10;0
766;302;0;0
757;317;10;0
758;318;10;0
761;319;10;0
762;320;10;0
763;83;10;0
773;302;0;0
765;321;10;0
775;302;0;0
767;322;10;0
770;322;7;1
771;322;6;2
774;322;3;3
768;323;10;0
772;323;6;1
776;323;2;2
778;302;0;0
769;293;10;0
779;323;0;0
781;323;0;0
782;302;0;0
785;323;0;0
777;324;10;0
787;302;0;0
780;325;10;0
791;302;0;0
783;326;10;0
784;326;9;1
794;302;0;0
795;302;0;0
786;327;10;0
796;302;0;0
788;262;10;0
798;262;0;0
789;309;10;0
793;309;6;1
790;328;10;0
792;329;10;0
797;301;10;0
799;330;10;0
800;12;10;0
801;214;10;0
803;214;8;1
804;214;7;2
805;214;6;3
807;214;4;4
808;214;3;5
809;214;2;6
810;214;1;7
811;214;0;0
802;331;10;0
812;214;0;0
813;214;0;0
806;332;10;0
816;214;0;0
817;214;0;0
818;214;0;0
823;262;0;0
814;282;10;0
815;333;10;0
819;334;10;0
820;7;10;0
821;95;10;0
822;335;10;0
824;336;10;0
825;337;10;0
827;337;8;1
826;293;10;0
828;338;10;0
829;220;10;0
830;339;10;0
831;340;10;0
832;256;10;0
833;341;10;0
836;341;7;1
834;342;10;0
835;343;10;0
845;341;0;0
837;344;10;0
838;345;10;0
839;272;10;0
840;272;9;1
841;272;8;2
851;341;0;0
842;346;10;0
843;347;10;0
853;341;0;0
844;348;10;0
846;349;10;0
847;285;10;0
850;285;7;1
852;285;5;2
848;350;10;0
849;323;10;0
855;323;4;1
859;341;0;0
861;323;0;0
854;190;10;0
856;351;10;0
858;351;8;1
862;351;4;2
857;38;10;0
867;341;0;0
868;351;0;0
869;323;0;0
860;352;10;0
870;351;0;0
871;351;0;0
872;341;0;0
863;353;10;0
873;351;0;0
864;345;10;0
874;351;0;0
865;354;10;0
875;351;0;0
866;355;10;0
881;341;0;0
884;341;0;0
876;356;10;0
877;357;10;0
882;357;5;1
887;357;0;0
878;83;10;0
888;357;0;0
879;358;10;0
880;7;10;0
890;351;0;0
892;351;0;0
883;227;10;0
894;341;0;0
885;359;10;0
886;359;9;1
895;351;0;0
889;360;10;0
891;361;10;0
893;105;10;0
904;341;0;0
896;116;10;0
897;362;10;0
898;363;10;0
899;364;10;0
909;341;0;0
900;153;10;0
901;365;10;0
905;365;6;1
908;365;3;2
902;366;10;0
912;365;0;0
903;276;10;0
906;367;10;0
916;363;0;0
907;368;10;0
917;363;0;0
918;341;0;0
919;363;0;0
910;369;10;0
911;370;10;0
913;371;10;0
923;341;0;0
914;372;10;0
915;151;10;0
925;341;0;0
926;341;0;0
928;341;0;0
920;373;10;0
924;373;6;1
929;373;1;2
921;374;10;0
922;309;10;0
934;341;0;0
927;375;10;0
937;373;0;0
938;341;0;0
939;373;0;0
930;50;10;0
931;376;10;0
941;341;0;0
932;319;10;0
933;377;10;0
935;293;10;0
945;373;0;0
936;345;10;0
940;378;10;0
950;341;0;0
951;373;0;0
942;379;10;0
943;380;10;0
944;310;10;0
946;381;10;0
947;381;9;1
949;381;7;2
948;382;10;0
960;373;0;0
952;52;10;0
953;52;9;1
954;323;10;0
962;323;2;1
964;52;0;0
955;16;10;0
956;46;10;0
961;46;5;1
966;46;0;0
957;212;10;0
958;212;9;1
967;46;0;0
968;381;0;0
959;383;10;0
969;46;0;0
970;381;0;0
971;373;0;0
963;328;10;0
965;7;10;0
977;323;0;0
979;373;0;0
972;203;10;0
973;190;10;0
975;190;8;1
983;323;0;0
974;384;10;0
985;373;0;0
976;385;10;0
986;323;0;0
978;386;10;0
989;7;0;0
980;345;10;0
981;378;10;0
991;373;0;0
982;387;10;0
992;323;0;0
984;388;10;0
994;373;0;0
987;114;10;0
988;389;10;0
990;390;10;0
1000;323;0;0
993;391;10;0
1003;381;0;0
1004;373;0;0
995;83;10;0
1005;381;0;0
996;392;10;0
1006;381;0;0
997;141;10;0
998;141;9;1
1007;323;0;0
999;393;10;0
1009;381;0;0
1010;373;0;0
1001;394;10;0
1002;395;10;0
1013;381;0;0
1014;323;0;0
1015;373;0;0
1017;323;0;0
1008;396;10;0
1020;373;0;0
1011;136;10;0
1012;136;9;1
1023;323;0;0
1024;373;0;0
1016;236;10;0
1027;323;0;0
1018;397;10;0
1028;141;0;0
1019;378;10;0
1029;141;0;0
1021;398;10;0
1031;373;0;0
1022;399;10;0
1033;141;0;0
1025;154;10;0
1026;132;10;0
1036;323;0;0
1037;373;0;0
1030;400;10;0
1040;323;0;0
1032;245;10;0
1034;245;8;1
1043;381;0;0
1044;373;0;0
1035;396;10;0
1045;381;0;0
1047;381;0;0
1038;401;10;0
1048;381;0;0
1039;402;10;0
1050;323;0;0
1041;282;10;0
1046;282;5;1
1042;403;10;0
1052;373;0;0
1053;323;0;0
1056;401;0;0
1049;7;10;0
1060;323;0;0
1051;404;10;0
1062;323;0;0
1054;345;10;0
1055;405;10;0
1057;68;10;0
1067;323;0;0
1058;406;10;0
1059;163;10;0
1069;7;0;0
1070;323;0;0
1061;407;10;0
1072;163;0;0
1063;408;10;0
1064;409;10;0
1074;323;0;0
1065;410;10;0
1066;411;10;0
1068;412;10;0
1071;331;10;0
1076;331;5;1
1081;323;0;0
1073;413;10;0
1075;404;10;0
1077;272;10;0
1078;272;9;1
1079;272;8;2
1080;414;10;0
1088;414;2;1
1082;415;10;0
1083;416;10;0
1084;417;10;0
1085;385;10;0
1086;418;10;0
1087;419;10;0
1089;420;10;0
1090;337;10;0
1091;337;9;1
1092;421;10;0
1097;421;5;1
1098;421;4;2
1099;421;3;3
1100;421;2;4
1102;421;0;0
1093;212;10;0
1103;421;0;0
1094;422;10;0
1104;421;0;0
1095;423;10;0
1096;163;10;0
1106;421;0;0
1107;421;0;0
1108;421;0;0
1101;110;10;0
1105;424;10;0
1109;425;10;0
1110;426;10;0
1111;389;10;0
1112;402;10;0
1113;427;10;0
1114;428;10;0
1115;429;10;0
1116;430;10;0
1117;431;10;0
1118;432;10;0
1119;433;10;0
1120;434;10;0
1121;169;10;0
1122;435;10;0
1123;435;9;1
1124;436;10;0
1125;100;10;0
1126;437;10;0
1127;438;10;0
1128;438;9;1
1129;267;10;0
1130;439;10;0
1131;440;10;0
1132;441;10;0
1133;442;10;0
1134;443;10;0
1144;440;0;0
1135;444;10;0
1136;385;10;0
1137;445;10;0
1138;446;10;0
1147;446;1;1
1139;293;10;0
1140;447;10;0
1141;414;10;0
1142;448;10;0
1143;215;10;0
1154;447;0;0
1145;52;10;0
1146;362;10;0
1148;449;10;0
1149;449;9;1
1150;130;10;0
1160;447;0;0
1151;450;10;0
1152;451;10;0
1153;83;10;0
1155;105;10;0
1156;452;10;0
1157;373;10;0
1161;373;6;1
1163;373;4;2
1158;453;10;0
1168;373;0;0
1159;454;10;0
1169;447;0;0
1171;373;0;0
1162;163;10;0
1164;212;10;0
1174;373;0;0
1165;439;10;0
1166;188;10;0
1167;188;9;1
1178;373;0;0
1170;455;10;0
1181;373;0;0
1172;85;10;0
1173;456;10;0
1175;457;10;0
1185;373;0;0
1176;46;10;0
1177;458;10;0
1179;459;10;0
1186;459;3;1
1180;52;10;0
1182;460;10;0
1184;460;8;1
1192;373;0;0
1183;461;10;0
1187;462;10;0
1197;373;0;0
1188;463;10;0
1189;6;10;0
1190;464;10;0
1200;373;0;0
1191;465;10;0
1201;373;0;0
1193;370;10;0
1194;320;10;0
1204;373;0;0
1195;466;10;0
1196;467;10;0
1206;373;0;0
1207;373;0;0
1198;468;10;0
1199;469;10;0
1202;470;10;0
1203;471;10;0
1205;472;10;0
1208;163;10;0
1209;473;10;0
1210;404;10;0
1211;328;10;0
1212;341;10;0
1217;341;5;1
1222;163;0;0
1213;90;10;0
1214;474;10;0
1215;474;9;1
1216;474;8;2
1220;474;4;3
1221;474;3;4
1223;474;1;5
1224;341;0;0
1225;474;0;0
1227;474;0;0
1218;293;10;0
1219;475;10;0
1232;341;0;0
1226;476;10;0
1228;476;8;1
1230;476;6;2
1236;341;0;0
1229;12;10;0
1240;341;0;0
1231;477;10;0
1242;341;0;0
1233;478;10;0
1234;479;10;0
1237;479;7;1
1235;480;10;0
1246;163;0;0
1238;481;10;0
1239;481;9;1
1241;360;10;0
1251;341;0;0
1243;482;10;0
1244;483;10;0
1254;341;0;0
1245;272;10;0
1247;331;10;0
1248;331;9;1
1256;331;1;2
1249;484;10;0
1250;485;10;0
1261;341;0;0
1252;486;10;0
1253;487;10;0
1255;488;10;0
1257;489;10;0
1258;490;10;0
1268;341;0;0
1259;491;10;0
1260;373;10;0
1264;373;6;1
1271;481;0;0
1262;337;10;0
1263;337;9;1
1274;341;0;0
1265;163;10;0
1270;163;5;1
1275;373;0;0
1266;492;10;0
1276;373;0;0
1267;493;10;0
1277;341;0;0
1278;341;0;0
1269;147;10;0
1279;373;0;0
1272;494;10;0
1282;341;0;0
1273;495;10;0
1283;373;0;0
1285;341;0;0
1289;341;0;0
1280;496;10;0
1281;476;10;0
1284;497;10;0
1294;341;0;0
1286;498;10;0
1296;341;0;0
1287;499;10;0
1288;500;10;0
1290;501;10;0
1300;341;0;0
1291;245;10;0
1292;502;10;0
1302;341;0;0
1293;503;10;0
1295;504;10;0
1297;505;10;0
1298;169;10;0
1308;341;0;0
1299;506;10;0
1301;507;10;0
1303;18;10;0
1304;293;10;0
1305;52;10;0
1306;296;10;0
1307;296;9;1
1309;508;10;0
1310;509;10;0
1311;510;10;0
1312;511;10;0
1319;511;3;1
1321;511;1;2
1313;512;10;0
1314;475;10;0
1324;511;0;0
1315;446;10;0
1322;446;3;1
1325;446;0;0
1316;362;10;0
1317;362;9;1
1318;362;8;2
1328;511;0;0
1320;12;10;0
1330;511;0;0
1332;446;0;0
1323;513;10;0
1326;514;10;0
1336;511;0;0
1327;515;10;0
1331;515;6;1
1335;515;2;2
1338;515;0;0
1329;115;10;0
1339;511;0;0
1341;446;0;0
1333;105;10;0
1334;105;9;1
1343;515;0;0
1344;511;0;0
1345;446;0;0
1337;516;10;0
1347;511;0;0
1348;515;0;0
1349;446;0;0
1340;448;10;0
1350;511;0;0
1351;515;0;0
1342;517;10;0
1352;446;0;0
1353;515;0;0
1346;434;10;0
1357;515;0;0
1358;511;0;0
1361;515;0;0
1354;518;10;0
1355;518;9;1
1356;518;8;2
1360;518;4;3
1365;446;0;0
1368;515;0;0
1359;519;10;0
1362;56;10;0
1363;56;9;1
1372;446;0;0
1373;446;0;0
1364;520;10;0
1370;520;4;1
1374;520;0;0
1366;521;10;0
1367;522;10;0
1371;522;6;1
1376;522;1;2
1369;523;10;0
1379;446;0;0
1381;522;0;0
1375;524;10;0
1386;446;0;0
1377;100;10;0
1378;426;10;0
1389;522;0;0
1380;525;10;0
1390;520;0;0
1382;526;10;0
1383;527;10;0
1393;446;0;0
1384;514;10;0
1385;528;10;0
1395;522;0;0
1387;194;10;0
1388;529;10;0
1396;529;2;1
1398;522;0;0
1399;522;0;0
1400;446;0;0
1391;16;10;0
1392;434;10;0
1394;511;10;0
1401;511;3;1
1404;446;0;0
1397;530;10;0
1407;511;0;0
1411;446;0;0
1402;531;10;0
1405;531;7;1
1409;531;3;2
1410;531;2;3
1403;12;10;0
1413;531;0;0
1414;531;0;0
1406;532;10;0
1416;446;0;0
1408;533;10;0
1412;533;6;1
1415;533;3;2
1419;533;0;0
1421;446;0;0
1422;446;0;0
1423;446;0;0
1425;511;0;0
1417;534;10;0
1427;533;0;0
1418;341;10;0
1420;341;8;1
1424;341;4;2
1428;341;0;0
1429;533;0;0
1430;533;0;0
1433;511;0;0
1434;341;0;0
1435;533;0;0
1426;404;10;0
1431;404;5;1
1439;511;0;0
1440;341;0;0
1432;535;10;0
1438;535;4;1
1445;535;0;0
1436;536;10;0
1446;341;0;0
1437;537;10;0
1447;533;0;0
1448;535;0;0
1449;533;0;0
1450;511;0;0
1441;116;10;0
1442;90;10;0
1443;90;9;1
1452;535;0;0
1453;341;0;0
1444;538;10;0
1451;538;3;1
1454;538;0;0
1455;535;0;0
1456;511;0;0
1457;535;0;0
1458;535;0;0
1461;341;0;0
1462;535;0;0
1466;535;0;0
1467;341;0;0
1468;511;0;0
1459;123;10;0
1460;152;10;0
1470;535;0;0
1463;539;10;0
1473;341;0;0
1464;540;10;0
1465;541;10;0
1475;511;0;0
1469;542;10;0
1477;542;2;1
1478;542;1;2
1471;543;10;0
1472;543;9;1
1474;544;10;0
1484;542;0;0
1476;545;10;0
1479;546;10;0
1480;547;10;0
1481;548;10;0
1482;167;10;0
1485;167;7;1
1487;167;5;2
1483;213;10;0
1493;542;0;0
1494;167;0;0
1486;549;10;0
1488;550;10;0
1497;550;1;1
1498;550;0;0
1489;538;10;0
1490;538;9;1
1492;538;7;2
1495;538;4;3
1499;538;0;0
1491;551;10;0
1502;538;0;0
1503;167;0;0
1504;538;0;0
1496;552;10;0
1507;538;0;0
1508;538;0;0
1500;553;10;0
1510;167;0;0
1501;554;10;0
1511;553;0;0
1514;167;0;0
1505;555;10;0
1506;556;10;0
1509;557;10;0
1520;167;0;0
1512;558;10;0
1513;559;10;0
1515;560;10;0
1516;561;10;0
1517;114;10;0
1518;562;10;0
1519;563;10;0
1523;563;6;1
1526;563;3;2
1530;563;0;0
1521;564;10;0
1522;565;10;0
1532;563;0;0
1524;377;10;0
1534;563;0;0
1525;41;10;0
1527;566;10;0
1528;567;10;0
1529;542;10;0
1531;568;10;0
1533;569;10;0
1535;105;10;0
1536;570;10;0
1537;571;10;0
1538;91;10;0
1539;362;10;0
1540;553;10;0
1541;572;10;0
1542;573;10;0
1545;573;7;1
1547;573;5;2
1543;574;10;0
1544;575;10;0
1554;573;0;0
1546;576;10;0
1556;573;0;0
1548;220;10;0
1551;220;7;1
1552;220;6;2
1549;577;10;0
1550;578;10;0
1553;579;10;0
1563;577;0;0
1564;167;0;0
1555;580;10;0
1566;167;0;0
1557;581;10;0
1558;582;10;0
1559;583;10;0
1560;567;10;0
1561;584;10;0
1571;573;0;0
1562;585;10;0
1573;167;0;0
1574;573;0;0
1565;586;10;0
1575;563;0;0
1576;573;0;0
1567;587;10;0
1568;328;10;0
1569;588;10;0
1570;588;9;1
1579;563;0;0
1572;130;10;0
1582;563;0;0
1583;563;0;0
1577;589;10;0
1584;589;3;1
1578;590;10;0
1580;591;10;0
1581;110;10;0
1585;66;10;0
1586;121;10;0
1587;592;10;0
1588;56;10;0
1589;593;10;0
1590;594;10;0
1591;595;10;0
1592;548;10;0
1599;548;3;1
1593;211;10;0
1594;211;9;1
1595;596;10;0
1596;366;10;0
1597;245;10;0
1598;358;10;0
1600;597;10;0
1601;598;10;0
1602;599;10;0
1603;599;9;1
1604;600;10;0
1605;601;10;0
1615;599;0;0
1606;602;10;0
1607;159;10;0
1608;603;10;0
1609;12;10;0
1610;604;10;0
1611;605;10;0
1612;241;10;0
1613;606;10;0
1614;90;10;0
1616;515;10;0
1620;515;6;1
1622;515;4;2
1626;515;0;0
1617;607;10;0
1618;349;10;0
1628;515;0;0
1619;608;10;0
1621;445;10;0
1623;609;10;0
1631;609;2;1
1624;571;10;0
1634;608;0;0
1625;610;10;0
1635;515;0;0
1627;611;10;0
1629;275;10;0
1639;515;0;0
1630;612;10;0
1632;613;10;0
1642;515;0;0
1633;614;10;0
1638;614;5;1
1636;615;10;0
1637;169;10;0
1648;609;0;0
1649;515;0;0
1640;616;10;0
1641;617;10;0
1645;617;6;1
1646;617;5;2
1647;617;4;3
1643;618;10;0
1653;515;0;0
1644;606;10;0
1656;515;0;0
1650;619;10;0
1660;515;0;0
1651;154;10;0
1661;619;0;0
1652;620;10;0
1662;619;0;0
1654;621;10;0
1664;619;0;0
1655;622;10;0
1665;619;0;0
1666;515;0;0
1657;623;10;0
1658;624;10;0
1659;545;10;0
1663;545;6;1
1669;515;0;0
1673;515;0;0
1676;515;0;0
1667;625;10;0
1668;626;10;0
1679;515;0;0
1670;627;10;0
1671;627;9;1
1672;628;10;0
1674;629;10;0
1684;515;0;0
1675;630;10;0
1686;515;0;0
1677;631;10;0
1687;515;0;0
1678;632;10;0
1680;448;10;0
1681;633;10;0
1682;634;10;0
1692;515;0;0
1683;258;10;0
1685;635;10;0
1696;515;0;0
1688;636;10;0
1689;636;9;1
1690;586;10;0
1694;586;6;1
1697;586;3;2
1700;586;0;0
1691;637;10;0
1693;638;10;0
1695;612;10;0
1698;85;10;0
1699;639;10;0
1701;616;10;0
1702;640;10;0
1703;204;10;0
1704;641;10;0
1705;642;10;0
1706;230;10;0
1707;643;10;0
1708;644;10;0
1709;645;10;0
1710;646;10;0
1711;647;10;0
1712;648;10;0
1713;236;10;0
1714;649;10;0
1715;650;10;0
1716;651;10;0
1718;651;8;1
1720;651;6;2
1721;651;5;3
1724;651;2;4
1725;651;1;5
1726;651;0;0
1717;652;10;0
1727;651;0;0
1719;653;10;0
1722;654;10;0
1723;655;10;0
1728;263;10;0
1729;342;10;0
1730;656;10;0
1731;657;10;0
1732;658;10;0
1733;659;10;0
1734;660;10;0
1735;660;9;1
1736;660;8;2
1738;660;6;3
1739;660;5;4
1741;660;3;5
1742;660;2;6
1737;661;10;0
1740;447;10;0
1743;662;10;0
1744;663;10;0
1745;411;10;0
1746;664;10;0
1747;665;10;0
1757;447;0;0
1748;666;10;0
1749;667;10;0
1750;221;10;0
1751;221;9;1
1755;221;5;2
1752;668;10;0
1753;669;10;0
1754;670;10;0
1756;671;10;0
1758;672;10;0
1759;673;10;0
1760;674;10;0
1770;447;0;0
1761;675;10;0
1762;30;10;0
1772;651;0;0
1763;676;10;0
1773;651;0;0
1764;677;10;0
1765;678;10;0
1775;651;0;0
1766;679;10;0
1767;680;10;0
1768;681;10;0
1769;682;10;0
1771;116;10;0
1774;683;10;0
1779;683;5;1
1782;683;2;2
1776;684;10;0
1786;683;0;0
1777;100;10;0
1787;683;0;0
1778;685;10;0
1789;683;0;0
1780;686;10;0
1781;687;10;0
1783;688;10;0
1791;688;2;1
1793;683;0;0
1784;689;10;0
1785;296;10;0
1795;683;0;0
1788;690;10;0
1799;683;0;0
1790;691;10;0
1801;683;0;0
1792;169;10;0
1794;692;10;0
1804;683;0;0
1796;221;10;0
1797;693;10;0
1807;683;0;0
1798;694;10;0
1808;683;0;0
1800;105;10;0
1802;549;10;0
1803;695;10;0
1805;696;10;0
1815;683;0;0
1806;697;10;0
1809;698;10;0
1819;683;0;0
1810;699;10;0
1811;700;10;0
1812;328;10;0
1813;586;10;0
1816;586;7;1
1820;586;3;2
1814;80;10;0
1825;683;0;0
1826;651;0;0
1817;701;10;0
1827;586;0;0
1818;565;10;0
1828;651;0;0
1829;651;0;0
1830;586;0;0
1821;702;10;0
1823;702;8;1
1824;702;7;2
1822;703;10;0
1832;683;0;0
1833;651;0;0
1838;651;0;0
1839;683;0;0
1831;704;10;0
1834;705;10;0
1835;706;10;0
1836;707;10;0
1846;651;0;0
1837;708;10;0
1845;708;2;1
1847;683;0;0
1848;651;0;0
1849;651;0;0
1840;709;10;0
1850;651;0;0
1841;710;10;0
1851;683;0;0
1842;711;10;0
1843;712;10;0
1853;683;0;0
1844;713;10;0
1856;651;0;0
1859;651;0;0
1860;683;0;0
1852;714;10;0
1854;715;10;0
1864;683;0;0
1855;716;10;0
1866;683;0;0
1857;699;10;0
1858;548;10;0
1869;683;0;0
1861;717;10;0
1862;512;10;0
1863;718;10;0
1865;571;10;0
1875;683;0;0
1867;635;10;0
1868;575;10;0
1879;683;0;0
1870;231;10;0
1871;231;9;1
1873;231;7;2
1881;683;0;0
1872;719;10;0
1883;575;0;0
1874;100;10;0
1884;683;0;0
1876;720;10;0
1877;721;10;0
1887;683;0;0
1878;722;10;0
1880;723;10;0
1891;683;0;0
1882;66;10;0
1893;683;0;0
1885;724;10;0
1886;548;10;0
1896;548;0;0
1897;683;0;0
1888;13;10;0
1889;13;9;1
1890;716;10;0
1900;683;0;0
1892;699;10;0
1894;699;8;1
1903;683;0;0
1895;523;10;0
1907;683;0;0
1898;725;10;0
1899;302;10;0
1902;302;7;1
1908;302;1;2
1910;683;0;0
1901;245;10;0
1911;302;0;0
1912;683;0;0
1913;302;0;0
1904;726;10;0
1905;726;9;1
1914;683;0;0
1915;302;0;0
1906;727;10;0
1917;683;0;0
1918;302;0;0
1909;728;10;0
1920;726;0;0
1921;726;0;0
1922;726;0;0
1924;302;0;0
1925;683;0;0
1916;729;10;0
1926;726;0;0
1928;726;0;0
1919;730;10;0
1931;683;0;0
1923;436;10;0
1933;302;0;0
1936;683;0;0
1927;673;10;0
1937;302;0;0
1938;726;0;0
1929;642;10;0
1930;642;9;1
1941;726;0;0
1932;716;10;0
1943;683;0;0
1934;731;10;0
1935;731;9;1
1944;726;0;0
1945;730;0;0
1946;302;0;0
1947;726;0;0
1948;726;0;0
1939;732;10;0
1940;733;10;0
1950;726;0;0
1942;734;10;0
1952;302;0;0
1953;683;0;0
1956;302;0;0
1949;735;10;0
1959;302;0;0
1951;736;10;0
1962;730;0;0
1963;726;0;0
1954;737;10;0
1964;730;0;0
1955;738;10;0
1966;730;0;0
1957;527;10;0
1961;527;6;1
1967;726;0;0
1958;90;10;0
1968;730;0;0
1969;730;0;0
1960;617;10;0
1970;527;0;0
1971;302;0;0
1973;730;0;0
1974;302;0;0
1965;739;10;0
1977;527;0;0
1978;527;0;0
1972;740;10;0
1975;152;10;0
1976;685;10;0
1986;302;0;0
1987;730;0;0
1979;741;10;0
1980;548;10;0
1981;552;10;0
1982;50;10;0
1992;302;0;0
1983;742;10;0
1984;743;10;0
1994;302;0;0
1985;545;10;0
1990;545;5;1
1988;716;10;0
1998;302;0;0
1989;699;10;0
1995;699;4;1
1996;699;3;2
2000;302;0;0
1991;744;10;0
2001;699;0;0
2002;730;0;0
1993;745;10;0
2006;699;0;0
1997;746;10;0
2007;302;0;0
1999;515;10;0
2005;515;4;1
2008;515;1;2
2011;302;0;0
2003;747;10;0
2004;2;10;0
2015;515;0;0
2009;105;10;0
2010;748;10;0
2012;749;10;0
2016;749;6;1
2017;749;5;2
2020;749;2;3
2013;750;10;0
2023;515;0;0
2014;586;10;0
2018;586;6;1
2022;586;2;2
2024;730;0;0
2027;749;0;0
2028;2;0;0
2019;289;10;0
2021;289;8;1
2029;2;0;0
2030;2;0;0
2031;749;0;0
2032;749;0;0
2034;515;0;0
2025;751;10;0
2026;752;10;0
2037;515;0;0
2041;515;0;0
2033;44;10;0
2044;515;0;0
2035;753;10;0
2036;754;10;0
2046;515;0;0
2038;755;10;0
2039;755;9;1
2049;515;0;0
2040;756;10;0
2042;757;10;0
2043;716;10;0
2053;44;0;0
2045;758;10;0
2047;759;10;0
2048;760;10;0
2050;68;10;0
2051;631;10;0
2052;13;10;0
2054;761;10;0
2055;702;10;0
2057;702;8;1
2058;702;7;2
2059;702;6;3
2060;702;5;4
2061;702;4;5
2062;702;3;6
2056;762;10;0
2063;763;10;0
2064;764;10;0
2068;764;6;1
2065;765;10;0
2075;764;0;0
2066;766;10;0
2067;359;10;0
2069;767;10;0
2070;768;10;0
2071;716;10;0
2072;213;10;0
2073;769;10;0
2081;769;2;1
2082;769;1;2
2083;769;0;0
2074;770;10;0
2080;770;4;1
2076;771;10;0
2077;772;10;0
2078;773;10;0
2079;747;10;0
2090;770;0;0
2084;66;10;0
2085;66;9;1
2086;66;8;2
2088;66;6;3
2089;66;5;4
2087;774;10;0
2091;552;10;0
2099;552;2;1
2092;724;10;0
2095;724;7;1
2097;724;5;2
2100;724;2;3
2102;724;0;0
2093;758;10;0
2094;775;10;0
2096;776;10;0
2098;777;10;0
2101;594;10;0
2103;716;10;0
2104;778;10;0
2105;779;10;0
2106;780;10;0
2107;781;10;0
2108;781;9;1
2109;781;8;2
2110;13;10;0
2111;749;10;0
2112;749;9;1
2115;749;6;2
2116;749;5;3
2113;782;10;0
2114;783;10;0
2117;784;10;0
2118;785;10;0
2119;699;10;0
2127;699;2;1
2120;786;10;0
2123;786;7;1
2130;784;0;0
2121;787;10;0
2122;787;9;1
2124;787;7;2
2125;787;6;3
2126;765;10;0
2128;788;10;0
2129;789;10;0
2131;75;10;0
2132;716;10;0
2133;790;10;0
2134;790;9;1
2136;790;7;2
2137;790;6;3
2138;790;5;4
2140;790;3;5
2141;790;2;6
2142;790;1;7
2143;790;0;0
2135;775;10;0
2145;775;0;0
2146;775;0;0
2139;791;10;0
2150;786;0;0
2144;792;10;0
2147;792;7;1
2154;784;0;0
2148;793;10;0
2149;793;9;1
2155;793;3;2
2156;793;2;3
2159;793;0;0
2151;794;10;0
2152;794;9;1
2162;793;0;0
2153;795;10;0
2163;793;0;0
2165;793;0;0
2157;173;10;0
2167;793;0;0
2158;796;10;0
2168;795;0;0
2160;673;10;0
2161;337;10;0
2172;793;0;0
2173;793;0;0
2164;142;10;0
2174;793;0;0
2166;797;10;0
2176;793;0;0
2169;798;10;0
2170;799;10;0
2171;800;10;0
2175;151;10;0
2177;693;10;0
2180;693;7;1
2178;716;10;0
2188;798;0;0
2179;801;10;0
2181;169;10;0
2182;105;10;0
2183;113;10;0
2184;515;10;0
2189;515;5;1
2193;515;1;2
2185;784;10;0
2192;784;3;1
2186;802;10;0
2187;803;10;0
2197;515;0;0
2199;515;0;0
2190;795;10;0
2191;804;10;0
2203;515;0;0
2194;805;10;0
2204;515;0;0
2195;806;10;0
2196;807;10;0
2198;678;10;0
2209;515;0;0
2200;808;10;0
2201;809;10;0
2202;809;9;1
2213;784;0;0
2214;515;0;0
2205;810;10;0
2206;144;10;0
2207;716;10;0
2208;85;10;0
2218;515;0;0
2210;811;10;0
2211;44;10;0
2212;44;9;1
2221;515;0;0
2215;765;10;0
2216;765;9;1
2217;765;8;2
2219;812;10;0
2220;328;10;0
2222;756;10;0
2228;756;4;1
2223;800;10;0
2224;813;10;0
2225;814;10;0
2226;815;10;0
2227;815;9;1
2229;816;10;0
2230;67;10;0
2231;817;10;0
2239;817;2;1
2232;795;10;0
2242;756;0;0
2233;818;10;0
2234;818;9;1
2235;716;10;0
2236;819;10;0
2238;819;8;1
2237;320;10;0
2240;404;10;0
2241;820;10;0
2243;724;10;0
2244;724;9;1
2248;724;5;2
2251;724;2;3
2254;756;0;0
2245;445;10;0
2246;821;10;0
2247;571;10;0
2249;619;10;0
2250;344;10;0
2252;575;10;0
2253;575;9;1
2255;822;10;0
2256;823;10;0
2257;824;10;0
2258;824;9;1
2259;382;10;0
2260;825;10;0
2261;826;10;0
2262;827;10;0
2263;415;10;0
2264;828;10;0
2265;829;10;0
2266;817;10;0
2274;817;2;1
2267;110;10;0
2268;830;10;0
2269;831;10;0
2270;831;9;1
2271;832;10;0
2272;833;10;0
2273;834;10;0
2284;834;0;0
2275;835;10;0
2276;241;10;0
2277;836;10;0
2278;837;10;0
2279;740;10;0
2280;838;10;0
2281;839;10;0
2283;839;8;1
2282;840;10;0
2285;841;10;0
2286;142;10;0
2287;708;10;0
2288;203;10;0
2289;337;10;0
2290;337;9;1
2291;245;10;0
2293;245;8;1
2292;164;10;0
2295;164;7;1
2296;164;6;2
2302;164;0;0
2294;608;10;0
2297;90;10;0
2307;608;0;0
2298;152;10;0
2299;842;10;0
2309;608;0;0
2300;236;10;0
2301;795;10;0
2312;608;0;0
2303;567;10;0
2313;567;0;0
2304;673;10;0
2305;843;10;0
2306;730;10;0
2308;844;10;0
2318;608;0;0
2319;730;0;0
2310;116;10;0
2311;845;10;0
2314;846;10;0
2315;847;10;0
2316;798;10;0
2320;798;6;1
2317;494;10;0
2330;730;0;0
2321;848;10;0
2322;849;10;0
2328;849;4;1
2323;850;10;0
2333;730;0;0
2324;851;10;0
2325;110;10;0
2335;849;0;0
2326;68;10;0
2327;852;10;0
2337;730;0;0
2338;730;0;0
2329;169;10;0
2339;730;0;0
2340;730;0;0
2331;853;10;0
2341;849;0;0
2332;854;10;0
2342;730;0;0
2334;855;10;0
2336;856;10;0
2349;849;0;0
2343;120;10;0
2344;799;10;0
2345;857;10;0
2346;105;10;0
2347;113;10;0
2348;113;9;1
2350;858;10;0
2351;858;9;1
2357;858;3;2
2360;849;0;0
2352;859;10;0
2362;855;0;0
2353;420;10;0
2363;730;0;0
2354;860;10;0
2355;693;10;0
2356;693;9;1
2365;849;0;0
2358;861;10;0
2361;861;7;1
2364;861;4;2
2366;861;2;3
2368;858;0;0
2359;528;10;0
2369;861;0;0
2372;861;0;0
2375;849;0;0
2367;856;10;0
2377;861;0;0
2378;861;0;0
2379;861;0;0
2370;862;10;0
2380;861;0;0
2371;853;10;0
2382;856;0;0
2373;863;10;0
2374;100;10;0
2385;858;0;0
2376;864;10;0
2386;730;0;0
2388;858;0;0
2381;453;10;0
2392;862;0;0
2383;44;10;0
2384;44;9;1
2387;865;10;0
2389;866;10;0
2390;867;10;0
2391;868;10;0
2393;512;10;0
2403;856;0;0
2394;869;10;0
2395;870;10;0
2396;871;10;0
2398;871;8;1
2402;871;4;2
2397;872;10;0
2408;871;0;0
2399;756;10;0
2400;483;10;0
2405;483;5;1
2410;871;0;0
2401;873;10;0
2411;856;0;0
2412;871;0;0
2404;874;10;0
2406;313;10;0
2416;756;0;0
2407;875;10;0
2418;871;0;0
2409;125;10;0
2422;756;0;0
2413;299;10;0
2414;876;10;0
2415;144;10;0
2417;877;10;0
2428;756;0;0
2419;855;10;0
2420;192;10;0
2421;787;10;0
2424;787;7;1
2425;787;6;2
2423;878;10;0
2435;856;0;0
2426;500;10;0
2427;703;10;0
2429;879;10;0
2430;724;10;0
2434;724;6;1
2436;724;4;2
2431;24;10;0
2432;880;10;0
2433;881;10;0
2438;881;5;1
2439;881;4;2
2437;404;10;0
2444;404;3;1
2449;756;0;0
2440;882;10;0
2441;594;10;0
2442;52;10;0
2443;883;10;0
2445;549;10;0
2455;856;0;0
2446;855;10;0
2447;884;10;0
2457;855;0;0
2448;885;10;0
2450;886;10;0
2451;886;9;1
2452;887;10;0
2453;142;10;0
2454;142;9;1
2456;609;10;0
2466;886;0;0
2467;886;0;0
2458;882;10;0
2468;856;0;0
2459;888;10;0
2460;380;10;0
2461;380;9;1
2462;853;10;0
2463;889;10;0
2464;890;10;0
2465;114;10;0
2475;882;0;0
2476;882;0;0
2478;114;0;0
2469;337;10;0
2470;891;10;0
2471;394;10;0
2472;422;10;0
2473;170;10;0
2483;882;0;0
2474;892;10;0
2484;337;0;0
2477;710;10;0
2479;710;8;1
2480;710;7;2
2481;710;6;3
2482;848;10;0
2485;893;10;0
2486;894;10;0
2487;895;10;0
2488;896;10;0
2489;798;10;0
2490;421;10;0
2492;421;8;1
2493;421;7;2
2491;897;10;0
2503;897;0;0
2494;898;10;0
2495;258;10;0
2496;899;10;0
2497;900;10;0
2498;901;10;0
2499;902;10;0
2500;328;10;0
2501;903;10;0
2502;904;10;0
2504;549;10;0
2505;905;10;0
2506;905;9;1
2507;906;10;0
2508;746;10;0
2509;18;10;0
2510;907;10;0
2511;908;10;0
2512;909;10;0
2513;910;10;0
2514;871;10;0
2518;871;6;1
2523;871;1;2
2515;571;10;0
2516;911;10;0
2526;907;0;0
2517;740;10;0
2528;907;0;0
2519;912;10;0
2529;871;0;0
2520;482;10;0
2522;482;8;1
2525;482;5;2
2521;136;10;0
2531;871;0;0
2524;756;10;0
2534;871;0;0
2527;897;10;0
2537;756;0;0
2539;871;0;0
2530;913;10;0
2540;756;0;0
2532;914;10;0
2533;915;10;0
2543;871;0;0
2544;871;0;0
2535;916;10;0
2545;871;0;0
2536;917;10;0
2538;24;10;0
2541;918;10;0
2542;919;10;0
2546;426;10;0
2547;192;10;0
2548;192;9;1
2558;907;0;0
2549;393;10;0
2559;871;0;0
2550;920;10;0
2551;510;10;0
2553;510;8;1
2552;838;10;0
2556;838;6;1
2557;838;5;2
2554;787;10;0
2555;787;9;1
2565;907;0;0
2560;921;10;0
2561;115;10;0
2562;922;10;0
2563;897;10;0
2564;923;10;0
2566;277;10;0
2567;924;10;0
2568;220;10;0
2569;594;10;0
2570;882;10;0
2571;925;10;0
2572;926;10;0
2573;18;10;0
2574;927;10;0
2575;123;10;0
2576;928;10;0
2577;928;9;1
2578;928;8;2
2583;928;3;3
2584;928;2;4
2585;928;1;5
2586;882;0;0
2587;928;0;0
2588;882;0;0
2579;929;10;0
2580;240;10;0
2590;928;0;0
2581;337;10;0
2591;928;0;0
2582;930;10;0
2592;882;0;0
2593;928;0;0
2594;882;0;0
2595;337;0;0
2596;928;0;0
2597;928;0;0
2589;912;10;0
2599;928;0;0
2604;928;0;0
2598;931;10;0
2608;928;0;0
2600;549;10;0
2601;90;10;0
2603;90;8;1
2602;932;10;0
2605;933;10;0
2606;934;10;0
2607;935;10;0
2609;896;10;0
2610;896;9;1
2611;896;8;2
2617;896;2;3
2612;574;10;0
2613;936;10;0
2614;937;10;0
2615;937;9;1
2616;938;10;0
2618;939;10;0
2619;940;10;0
2620;897;10;0
2621;102;10;0
2622;446;10;0
2623;941;10;0
2624;942;10;0
2625;942;9;1
2626;943;10;0
2627;944;10;0
2628;421;10;0
2629;421;9;1
2630;421;8;2
2631;421;7;3
2632;421;6;4
2634;421;4;5
2635;421;3;6
2636;421;2;7
2637;421;1;8
2633;945;10;0
2638;946;10;0
2639;947;10;0
2640;931;10;0
2641;95;10;0
2642;948;10;0
2643;949;10;0
2644;950;10;0
2645;950;9;1
2646;907;10;0
2647;951;10;0
2648;952;10;0
2649;231;10;0
2650;231;9;1
2660;931;0;0
2651;953;10;0
2652;954;10;0
2653;245;10;0
2654;955;10;0
2655;100;10;0
2656;956;10;0
2657;263;10;0
2658;957;10;0
2659;848;10;0
2661;693;10;0
2666;693;5;1
2667;693;4;2
2668;693;3;3
2669;693;2;4
2662;958;10;0
2663;959;10;0
2664;960;10;0
2665;811;10;0
2670;961;10;0
2671;907;10;0
2672;886;10;0
2673;886;9;1
2674;770;10;0
2675;740;10;0
2676;897;10;0
2677;567;10;0
2678;567;9;1
2679;962;10;0
2680;963;10;0
2681;964;10;0
2682;965;10;0
2683;966;10;0
2684;967;10;0
2685;968;10;0
2686;968;9;1
2687;931;10;0
2688;958;10;0
2689;85;10;0
2690;969;10;0
2691;969;9;1
2694;969;6;2
2697;969;3;3
2692;970;10;0
2693;971;10;0
2695;971;8;1
2696;971;7;2
2698;972;10;0
2701;972;7;1
2706;972;2;2
2699;973;10;0
2700;683;10;0
2702;683;8;1
2704;683;6;2
2710;683;0;0
2712;683;0;0
2703;974;10;0
2709;974;4;1
2705;975;10;0
2715;683;0;0
2707;976;10;0
2713;976;4;1
2708;929;10;0
2718;683;0;0
2719;976;0;0
2720;974;0;0
2711;894;10;0
2721;974;0;0
2723;683;0;0
2714;977;10;0
2716;978;10;0
2717;979;10;0
2729;683;0;0
2730;976;0;0
2722;772;10;0
2732;683;0;0
2724;886;10;0
2727;886;7;1
2725;787;10;0
2726;787;9;1
2735;787;0;0
2736;787;0;0
2737;683;0;0
2728;116;10;0
2739;683;0;0
2731;975;10;0
2733;980;10;0
2734;426;10;0
2745;683;0;0
2738;981;10;0
2740;982;10;0
2741;983;10;0
2742;984;10;0
2752;683;0;0
2743;985;10;0
2744;985;9;1
2746;985;7;2
2747;985;6;3
2756;683;0;0
2748;986;10;0
2749;986;9;1
2750;987;10;0
2751;738;10;0
2757;738;4;1
2762;683;0;0
2753;988;10;0
2754;989;10;0
2755;740;10;0
2767;683;0;0
2758;990;10;0
2768;683;0;0
2759;975;10;0
2760;975;9;1
2761;975;8;2
2771;683;0;0
2763;991;10;0
2764;992;10;0
2765;993;10;0
2775;683;0;0
2766;557;10;0
2769;994;10;0
2770;995;10;0
2772;129;10;0
2776;129;6;1
2782;683;0;0
2773;996;10;0
2774;159;10;0
2777;997;10;0
2778;154;10;0
2788;683;0;0
2779;837;10;0
2780;998;10;0
2781;999;10;0
2783;1000;10;0
2793;683;0;0
2784;991;10;0
2792;991;2;1
2785;332;10;0
2795;683;0;0
2786;1001;10;0
2787;114;10;0
2789;52;10;0
2790;1002;10;0
2800;683;0;0
2791;1003;10;0
2803;683;0;0
2794;1004;10;0
2804;683;0;0
2796;1005;10;0
2797;1005;9;1
2798;1006;10;0
2799;1007;10;0
2801;886;10;0
2802;886;9;1
2812;683;0;0
2814;683;0;0
2805;1008;10;0
2806;1009;10;0
2807;1010;10;0
2817;683;0;0
2808;1011;10;0
2809;937;10;0
2810;1012;10;0
2811;604;10;0
2821;683;0;0
2822;683;0;0
2813;102;10;0
2815;1013;10;0
2816;1014;10;0
2818;1015;10;0
2819;1016;10;0
2829;683;0;0
2820;421;10;0
2830;683;0;0
2823;958;10;0
2827;958;6;1
2824;921;10;0
2825;1017;10;0
2835;683;0;0
2826;1018;10;0
2836;1016;0;0
2828;1019;10;0
2838;683;0;0
2831;847;10;0
2832;1020;10;0
2842;683;0;0
2833;1021;10;0
2834;1008;10;0
2837;1022;10;0
2847;683;0;0
2848;683;0;0
2839;1023;10;0
2844;1023;5;1
2845;1023;4;2
2840;1024;10;0
2841;1025;10;0
2846;1025;5;1
2849;1025;2;2
2843;1026;10;0
2855;683;0;0
2856;1025;0;0
2859;683;0;0
2850;1027;10;0
2851;1027;9;1
2861;1025;0;0
2852;929;10;0
2853;938;10;0
2854;1028;10;0
2864;683;0;0
2866;1025;0;0
2857;1029;10;0
2867;1025;0;0
2858;338;10;0
2860;849;10;0
2865;849;5;1
2870;683;0;0
2862;1030;10;0
2863;1030;9;1
2876;683;0;0
2877;683;0;0
2868;1031;10;0
2869;1032;10;0
2871;1033;10;0
2872;1034;10;0
2873;1034;9;1
2874;1034;8;2
2875;1034;7;3
2878;1035;10;0
2886;1035;2;1
2879;636;10;0
2889;849;0;0
2880;911;10;0
2881;1036;10;0
2891;849;0;0
2882;1037;10;0
2883;1038;10;0
2884;50;10;0
2885;1039;10;0
2887;61;10;0
2888;1040;10;0
2898;849;0;0
2899;849;0;0
2890;1041;10;0
2892;1042;10;0
2893;1043;10;0
2903;849;0;0
2894;1044;10;0
2895;571;10;0
2905;849;0;0
2896;1045;10;0
2897;1046;10;0
2900;1047;10;0
2901;1048;10;0
2902;1048;9;1
2904;738;10;0
2906;1049;10;0
2907;1050;10;0
2908;192;10;0
2909;894;10;0
2910;524;10;0
2911;455;10;0
2917;455;4;1
2912;1051;10;0
2913;1051;9;1
2914;1052;10;0
2915;501;10;0
2916;1053;10;0
2927;455;0;0
2918;1054;10;0
2919;143;10;0
2921;143;8;1
2920;897;10;0
2922;994;10;0
2923;1055;10;0
2924;1056;10;0
2925;1056;9;1
2926;185;10;0
2928;1057;10;0
2938;455;0;0
2929;787;10;0
2930;787;9;1
2931;787;8;2
2932;787;7;3
2939;994;0;0
2942;455;0;0
2933;1058;10;0
2934;213;10;0
2935;1059;10;0
2936;1060;10;0
2937;1061;10;0
2941;1061;6;1
2945;1061;2;2
2949;1061;0;0
2940;1050;10;0
2943;1050;7;1
2953;1061;0;0
2944;1062;10;0
2946;524;10;0
2947;524;9;1
2948;524;8;2
2957;1061;0;0
2950;500;10;0
2960;1061;0;0
2951;1004;10;0
2952;1063;10;0
2962;1061;0;0
2963;1061;0;0
2954;1064;10;0
2955;414;10;0
2965;1061;0;0
2956;1065;10;0
2966;414;0;0
2967;414;0;0
2958;1066;10;0
2968;1061;0;0
2959;1067;10;0
2961;332;10;0
2964;332;7;1
2971;1061;0;0
2972;1061;0;0
2974;1063;0;0
2969;510;10;0
2970;1068;10;0
2973;1069;10;0
2975;236;10;0
2976;897;10;0
2977;1056;10;0
2978;320;10;0
2979;476;10;0
2980;221;10;0
2983;221;7;1
2984;221;6;2
2985;221;5;3
2981;1070;10;0
2986;1070;5;1
2982;536;10;0
2987;1071;10;0
2988;1072;10;0
2989;1073;10;0
2990;75;10;0
2991;1074;10;0
2992;1075;10;0
2993;469;10;0
2994;738;10;0
2995;1076;10;0
2996;103;10;0
2997;839;10;0
2998;839;9;1
2999;228;10;0
3000;1077;10;0
3001;1005;10;0
3002;1078;10;0
3003;931;10;0
3012;931;1;1
3004;896;10;0
3005;896;9;1
3006;1079;10;0
3007;926;10;0
3017;931;0;0
3008;897;10;0
3009;417;10;0
3010;1080;10;0
3011;482;10;0
3013;1081;10;0
3023;482;0;0
3014;421;10;0
3018;421;6;1
3019;421;5;2
3020;421;4;3
3021;421;3;4
3024;897;0;0
3015;100;10;0
3016;1082;10;0
3027;482;0;0
3030;421;0;0
3031;421;0;0
3022;1083;10;0
3032;421;0;0
3025;1084;10;0
3026;963;10;0
3036;963;0;0
3028;689;10;0
3029;1017;10;0
3040;963;0;0
3033;1085;10;0
3034;258;10;0
3035;368;10;0
3037;1008;10;0
3047;963;0;0
3038;1077;10;0
3042;1077;6;1
3039;91;10;0
3050;963;0;0
3041;1086;10;0
3043;1086;8;1
3052;963;0;0
3044;1087;10;0
3054;963;0;0
3045;1027;10;0
3046;1027;9;1
3057;963;0;0
3048;1064;10;0
3049;1088;10;0
3060;963;0;0
3051;929;10;0
3053;1089;10;0
3055;1090;10;0
3056;996;10;0
3066;963;0;0
3067;963;0;0
3058;460;10;0
3059;460;9;1
3070;963;0;0
3061;114;10;0
3062;1091;10;0
3063;80;10;0
3073;963;0;0
3064;1068;10;0
3065;1092;10;0
3068;1093;10;0
3078;963;0;0
3069;113;10;0
3079;963;0;0
3071;1094;10;0
3072;1095;10;0
3074;694;10;0
3076;694;8;1
3075;965;10;0
3077;911;10;0
3080;116;10;0
3081;125;10;0
3082;1096;10;0
3083;1097;10;0
3084;1098;10;0
3085;1099;10;0
3086;185;10;0
3087;1065;10;0
3088;1100;10;0
3089;1101;10;0
3090;192;10;0
3091;192;9;1
3092;1102;10;0
3093;1049;10;0
3094;103;10;0
3095;1103;10;0
3096;1104;10;0
3106;1065;0;0
3097;787;10;0
3098;787;9;1
3099;787;8;2
3100;1105;10;0
3101;1106;10;0
3102;923;10;0
3103;1107;10;0
3104;1108;10;0
3105;658;10;0
3107;1109;10;0
3108;894;10;0
3109;151;10;0
3110;1110;10;0
3111;1111;10;0
3112;1112;10;0
3113;1068;10;0
3114;1038;10;0
3115;1038;9;1
3116;245;10;0
3117;1113;10;0
3118;406;10;0
3119;332;10;0
3123;332;6;1
3124;332;5;2
3120;1114;10;0
3125;1114;5;1
3127;1114;3;2
3121;1115;10;0
3122;821;10;0
3131;821;1;1
3132;821;0;0
3133;1114;0;0
3126;1116;10;0
3128;738;10;0
3138;1114;0;0
3129;52;10;0
3130;1117;10;0
3135;1117;5;1
3141;1114;0;0
3143;1114;0;0
3134;228;10;0
3136;1118;10;0
3137;915;10;0
3148;1114;0;0
3139;859;10;0
3149;1114;0;0
3140;1119;10;0
3142;586;10;0
3146;586;6;1
3144;110;10;0
3145;1120;10;0
3147;1121;10;0
3157;1117;0;0
3159;1117;0;0
3150;1122;10;0
3151;1123;10;0
3152;1124;10;0
3162;110;0;0
3153;1125;10;0
3154;1126;10;0
3155;1127;10;0
3156;1128;10;0
3158;757;10;0
3169;1127;0;0
3160;1129;10;0
3161;1129;9;1
3163;214;10;0
3164;214;9;1
3165;214;8;2
3166;214;7;3
3167;214;6;4
3168;214;5;5
3171;214;2;6
3172;214;1;7
3173;214;0;0
3176;214;0;0
3170;1130;10;0
3174;1131;10;0
3175;838;10;0
3177;1132;10;0
3179;1132;8;1
3178;1133;10;0
3184;1133;4;1
3186;1133;2;2
3180;1134;10;0
3181;839;10;0
3182;1135;10;0
3192;1127;0;0
3183;52;10;0
3185;882;10;0
3195;882;0;0
3187;1136;10;0
3188;650;10;0
3189;1137;10;0
3190;1068;10;0
3191;1068;9;1
3200;882;0;0
3193;105;10;0
3194;197;10;0
3196;30;10;0
3197;1138;10;0
3198;1091;10;0
3199;1091;9;1
3208;1127;0;0
3201;16;10;0
3202;1139;10;0
3203;1140;10;0
3204;1141;10;0
3206;1141;8;1
3205;157;10;0
3216;1127;0;0
3207;1142;10;0
3213;1142;4;1
3217;1142;0;0
3209;1143;10;0
3210;1144;10;0
3211;85;10;0
3212;1145;10;0
3222;1142;0;0
3214;289;10;0
3215;289;9;1
3225;1142;0;0
3218;1146;10;0
3219;1147;10;0
3229;1142;0;0
3220;1129;10;0
3221;1129;9;1
3223;1129;7;2
3233;1142;0;0
3224;1148;10;0
3226;1149;10;0
3227;911;10;0
3228;1150;10;0
3238;1142;0;0
3230;1151;10;0
3231;1152;10;0
3241;1142;0;0
3232;154;10;0
3243;1142;0;0
3234;1153;10;0
3235;1154;10;0
3236;328;10;0
3237;1155;10;0
3248;1142;0;0
3239;1156;10;0
3240;1157;10;0
3242;1158;10;0
3244;806;10;0
3254;1142;0;0
3245;1159;10;0
3246;1160;10;0
3247;1161;10;0
3249;1162;10;0
3259;1142;0;0
3250;1068;10;0
3251;192;10;0
3252;192;9;1
3253;192;8;2
3262;1142;0;0
3255;1163;10;0
3256;346;10;0
3257;1164;10;0
3267;1142;0;0
3258;1165;10;0
3260;114;10;0
3261;571;10;0
3271;1142;0;0
3263;1154;10;0
3264;415;10;0
3265;228;10;0
3266;99;10;0
3277;1142;0;0
3268;1166;10;0
3278;1142;0;0
3269;622;10;0
3270;848;10;0
3272;787;10;0
3273;787;9;1
3283;1142;0;0
3274;1117;10;0
3275;1117;9;1
3276;898;10;0
3288;1142;0;0
3279;1167;10;0
3285;1167;4;1
3286;1167;3;2
3280;1168;10;0
3281;1168;9;1
3290;1166;0;0
3291;1142;0;0
3282;1141;10;0
3293;1142;0;0
3284;1169;10;0
3287;1169;7;1
3295;1169;0;0
3298;1142;0;0
3289;1104;10;0
3301;1169;0;0
3292;1170;10;0
3294;1170;8;1
3302;1142;0;0
3304;1142;0;0
3305;1169;0;0
3296;1171;10;0
3297;586;10;0
3303;586;4;1
3307;1142;0;0
3299;1172;10;0
3300;332;10;0
3310;1142;0;0
3306;1173;10;0
3308;1174;10;0
3309;1175;10;0
3319;1142;0;0
3320;1175;0;0
3311;1176;10;0
3313;1176;8;1
3314;1176;7;2
3321;1169;0;0
3312;1177;10;0
3323;1175;0;0
3324;1142;0;0
3315;706;10;0
3325;1175;0;0
3316;1178;10;0
3317;1178;9;1
3318;1179;10;0
3328;1169;0;0
3331;1142;0;0
3322;1180;10;0
3326;1181;10;0
3327;1182;10;0
3329;1183;10;0
3338;1183;1;1
3330;1126;10;0
3341;1142;0;0
3332;1005;10;0
3333;1005;9;1
3334;1005;8;2
3335;1005;7;3
3336;1005;6;4
3337;1184;10;0
3348;1142;0;0
3339;138;10;0
3349;1169;0;0
3340;214;10;0
3342;214;8;1
3350;214;0;0
3352;1142;0;0
3343;344;10;0
3344;1185;10;0
3345;632;10;0
3346;632;9;1
3347;632;8;2
3355;1142;0;0
3358;1169;0;0
3360;1184;0;0
3351;1186;10;0
3353;1187;10;0
3354;950;10;0
3357;950;7;1
3364;1169;0;0
3356;470;10;0
3359;1038;10;0
3361;1188;10;0
3362;1189;10;0
3363;1190;10;0
3365;848;10;0
3366;629;10;0
3367;1191;10;0
3368;1192;10;0
3369;1099;10;0
3370;1193;10;0
3371;1017;10;0
3372;1171;10;0
3373;1194;10;0
3374;1195;10;0
3375;1196;10;0
3376;1197;10;0
3377;1097;10;0
3378;1097;9;1
3379;1091;10;0
3380;1091;9;1
3381;1091;8;2
3382;68;10;0
3383;1198;10;0
3385;1198;8;1
3384;245;10;0
3386;1199;10;0
3392;1199;4;1
3395;1199;1;2
3387;1200;10;0
3390;1200;7;1
3391;1200;6;2
3396;1200;1;3
3397;1200;0;0
3388;1201;10;0
3389;105;10;0
3400;1199;0;0
3393;1202;10;0
3403;1199;0;0
3394;241;10;0
3405;1199;0;0
3398;965;10;0
3399;965;9;1
3410;1199;0;0
3401;1203;10;0
3402;1141;10;0
3404;1204;10;0
3415;1199;0;0
3406;1055;10;0
3407;228;10;0
3408;100;10;0
3409;688;10;0
3411;1205;10;0
3421;1199;0;0
3412;667;10;0
3413;1206;10;0
3414;1206;9;1
3416;1206;7;2
3418;1206;5;3
3420;1206;3;4
3423;1206;0;0
3425;1206;0;0
3426;1206;0;0
3417;911;10;0
3427;1206;0;0
3428;1206;0;0
3419;1207;10;0
3429;1206;0;0
3431;1206;0;0
3422;1208;10;0
3433;1206;0;0
3424;1209;10;0
3434;1206;0;0
3438;1206;0;0
3430;1210;10;0
3432;1191;10;0
3443;1206;0;0
3444;1206;0;0
3435;1211;10;0
3436;1106;10;0
3446;1206;0;0
3437;287;10;0
3447;1206;0;0
3439;1212;10;0
3442;1212;7;1
3445;1212;4;2
3440;317;10;0
3450;1206;0;0
3441;1213;10;0
3454;1206;0;0
3455;1206;0;0
3448;1214;10;0
3449;1214;9;1
3451;986;10;0
3452;986;9;1
3453;122;10;0
3458;122;5;1
3456;404;10;0
3457;52;10;0
3459;807;10;0
3460;738;10;0
3461;192;10;0
3462;192;9;1
3463;192;8;2
3464;1096;10;0
3465;1215;10;0
3466;787;10;0
3467;787;9;1
3468;787;8;2
3469;787;7;3
3470;787;6;4
3471;1051;10;0
3472;236;10;0
3473;1216;10;0
3474;923;10;0
3475;1217;10;0
3476;1218;10;0
3477;470;10;0
3478;1141;10;0
3479;1219;10;0
3480;114;10;0
3481;586;10;0
3482;586;9;1
3483;586;8;2
3491;586;0;0
3492;1219;0;0
3484;1152;10;0
3485;1220;10;0
3486;1134;10;0
3496;586;0;0
3487;1221;10;0
3488;1221;9;1
3489;838;10;0
3493;838;6;1
3494;838;5;2
3490;655;10;0
3495;1222;10;0
3500;1222;5;1
3503;1222;2;2
3504;1222;1;3
3505;1221;0;0
3506;1221;0;0
3497;1212;10;0
3498;1212;9;1
3501;1212;6;2
3507;1212;0;0
3508;1222;0;0
3499;1210;10;0
3510;1212;0;0
3502;420;10;0
3514;1222;0;0
3515;1222;0;0
3516;1221;0;0
3517;1222;0;0
3509;1223;10;0
3520;1222;0;0
3511;1224;10;0
3512;173;10;0
3513;1191;10;0
3526;1221;0;0
3518;927;10;0
3519;1132;10;0
3521;1225;10;0
3531;1221;0;0
3522;296;10;0
3523;1226;10;0
3524;33;10;0
3525;404;10;0
3527;1005;10;0
3528;1005;9;1
3529;1005;8;2
3530;84;10;0
3541;1221;0;0
3532;1227;10;0
3533;168;10;0
3535;168;8;1
3534;116;10;0
3545;1221;0;0
3536;757;10;0
3546;1221;0;0
3537;222;10;0
3538;1228;10;0
3539;1228;9;1
3540;1229;10;0
3551;168;0;0
3542;1230;10;0
3552;168;0;0
3543;1231;10;0
3553;168;0;0
3544;1210;10;0
3547;692;10;0
3548;1047;10;0
3558;1228;0;0
3549;1232;10;0
3550;1233;10;0
3554;1233;6;1
3556;1233;4;2
3559;1233;1;3
3564;1233;0;0
3555;301;10;0
3557;1022;10;0
3569;1233;0;0
3560;213;10;0
3561;1234;10;0
3562;1234;9;1
3567;1234;4;2
3568;1234;3;3
3563;1235;10;0
3565;1236;10;0
3566;1237;10;0
3577;1233;0;0
3570;453;10;0
3571;201;10;0
3581;1233;0;0
3572;1238;10;0
3573;1091;10;0
3574;1239;10;0
3579;1239;5;1
3580;1239;4;2
3583;1239;1;3
3575;1240;10;0
3576;1119;10;0
3586;1239;0;0
3578;164;10;0
3588;1234;0;0
3591;1239;0;0
3582;100;10;0
3584;1241;10;0
3585;1242;10;0
3593;1242;2;1
3596;1242;0;0
3587;1243;10;0
3590;1243;7;1
3595;1243;2;2
3597;1239;0;0
3589;1244;10;0
3600;1244;0;0
3592;621;10;0
3594;1191;10;0
3604;1239;0;0
3605;1243;0;0
3606;1243;0;0
3598;274;10;0
3608;1239;0;0
3599;1178;10;0
3610;1239;0;0
3601;1142;10;0
3607;1142;4;1
3609;1142;2;2
3602;1245;10;0
3603;1245;9;1
3612;1142;0;0
3615;1234;0;0
3616;1234;0;0
3618;1142;0;0
3611;1246;10;0
3621;1142;0;0
3622;274;0;0
3613;1247;10;0
3614;1247;9;1
3623;274;0;0
3624;1142;0;0
3626;1234;0;0
3617;157;10;0
3627;1234;0;0
3619;1248;10;0
3620;465;10;0
3633;1234;0;0
3625;1249;10;0
3628;1250;10;0
3637;1250;1;1
3629;940;10;0
3630;1251;10;0
3631;596;10;0
3632;571;10;0
3634;1252;10;0
3635;1212;10;0
3636;1212;9;1
3638;1242;10;0
3640;1242;8;1
3641;1242;7;2
3644;1242;4;3
3639;1253;10;0
3650;1242;0;0
3651;1242;0;0
3642;1254;10;0
3643;1254;9;1
3652;1242;0;0
3645;1051;10;0
3646;1051;9;1
3656;1254;0;0
3647;477;10;0
3649;477;8;1
3648;1255;10;0
3653;640;10;0
3654;1256;10;0
3664;1212;0;0
3655;192;10;0
3657;245;10;0
3667;1234;0;0
3658;1176;10;0
3661;1176;7;1
3662;1176;6;2
3663;1176;5;3
3666;1176;2;4
3668;1234;0;0
3659;586;10;0
3669;586;0;0
3660;1257;10;0
3671;1212;0;0
3672;586;0;0
3673;1212;0;0
3674;1234;0;0
3665;1258;10;0
3675;586;0;0
3670;1250;10;0
3681;1234;0;0
3682;1234;0;0
3685;1250;0;0
3676;320;10;0
3677;1259;10;0
3678;1076;10;0
3679;1210;10;0
3680;509;10;0
3691;1234;0;0
3692;1234;0;0
3683;1260;10;0
3684;1261;10;0
3688;1261;6;1
3689;1261;5;2
3695;1234;0;0
3686;1262;10;0
3687;1191;10;0
3690;1263;10;0
3694;1263;6;1
3696;1263;4;2
3698;1263;2;3
3699;1263;1;4
3700;1263;0;0
3693;1264;10;0
3706;1263;0;0
3697;1265;10;0
3708;1263;0;0
3710;1263;0;0
3701;1266;10;0
3702;1267;10;0
3703;1267;9;1
3712;1263;0;0
3704;68;10;0
3714;1263;0;0
3705;301;10;0
3707;1268;10;0
3718;1234;0;0
3709;1269;10;0
3719;1234;0;0
3720;1263;0;0
3711;1270;10;0
3721;1263;0;0
3713;1271;10;0
3715;1272;10;0
3716;1272;9;1
3723;1272;2;2
3717;85;10;0
3722;1273;10;0
3724;1274;10;0
3732;1274;2;1
3725;1275;10;0
3726;1276;10;0
3727;1005;10;0
3728;1005;9;1
3729;1228;10;0
3730;809;10;0
3731;1277;10;0
3733;1278;10;0
3734;1278;9;1
3735;1279;10;0
3737;1279;8;1
3739;1279;6;2
3742;1279;3;3
3745;1279;0;0
3736;185;10;0
3738;1280;10;0
3748;1279;0;0
3740;1121;10;0
3750;1279;0;0
3741;338;10;0
3743;214;10;0
3751;214;2;1
3752;214;1;2
3753;214;0;0
3744;1281;10;0
3754;1279;0;0
3755;1279;0;0
3746;1282;10;0
3756;1279;0;0
3747;1268;10;0
3757;214;0;0
3758;214;0;0
3749;1283;10;0
3759;214;0;0
3764;214;0;0
3765;214;0;0
3767;1279;0;0
3769;1279;0;0
3760;1284;10;0
3770;1279;0;0
3761;1285;10;0
3771;1279;0;0
3762;1286;10;0
3772;1279;0;0
3763;1287;10;0
3766;301;10;0
3768;125;10;0
3781;1279;0;0
3773;1288;10;0
3774;1289;10;0
3784;1279;0;0
3775;1290;10;0
3785;1279;0;0
3776;1291;10;0
3786;1279;0;0
3777;1292;10;0
3778;641;10;0
3779;1293;10;0
3780;1194;10;0
3782;292;10;0
3783;1294;10;0
3787;558;10;0
3788;56;10;0
3789;1004;10;0
3790;116;10;0
3791;1295;10;0
3792;1296;10;0
3793;915;10;0
3803;1004;0;0
3794;1191;10;0
3795;105;10;0
3796;105;9;1
3797;1297;10;0
3802;1297;5;1
3806;1297;1;2
3798;1289;10;0
3799;346;10;0
3809;1297;0;0
3800;1245;10;0
3810;1297;0;0
3801;1298;10;0
3804;114;10;0
3805;1257;10;0
3813;1257;2;1
3814;1257;1;2
3807;301;10;0
3808;1299;10;0
3818;1257;0;0
3811;18;10;0
3812;1096;10;0
3815;115;10;0
3816;66;10;0
3817;1300;10;0
3819;1300;8;1
3820;1250;10;0
3825;1250;5;1
3821;1301;10;0
3822;1302;10;0
3823;1289;10;0
3824;278;10;0
3826;911;10;0
3827;1303;10;0
3828;154;10;0
3829;1304;10;0
3830;907;10;0
3831;1276;10;0
3836;1276;5;1
3832;1305;10;0
3833;1191;10;0
3834;1306;10;0
3835;1307;10;0
3837;1308;10;0
3838;787;10;0
3839;787;9;1
3840;787;8;2
3841;787;7;3
3842;123;10;0
3843;1097;10;0
3844;291;10;0
3845;1309;10;0
3851;1309;4;1
3853;1309;2;2
3855;1309;0;0
3846;1257;10;0
3847;1257;9;1
3850;1257;6;2
3848;1310;10;0
3849;1289;10;0
3852;1311;10;0
3854;1312;10;0
3856;424;10;0
3866;1309;0;0
3857;1313;10;0
3862;1313;5;1
3867;1313;0;0
3858;738;10;0
3859;301;10;0
3860;1314;10;0
3870;1313;0;0
3861;277;10;0
3871;301;0;0
3863;405;10;0
3864;1315;10;0
3874;1313;0;0
3865;1316;10;0
3868;1317;10;0
3869;1318;10;0
3878;1318;1;1
3880;301;0;0
3872;1319;10;0
3873;370;10;0
3875;1320;10;0
3881;1320;4;1
3882;1320;3;2
3876;986;10;0
3877;986;9;1
3886;1320;0;0
3879;1257;10;0
3890;1320;0;0
3883;210;10;0
3884;1289;10;0
3894;1320;0;0
3885;1100;10;0
3896;301;0;0
3887;50;10;0
3888;1321;10;0
3889;151;10;0
3891;1322;10;0
3901;1320;0;0
3892;1323;10;0
3895;1323;7;1
3893;1324;10;0
3897;1325;10;0
3898;1325;9;1
3899;773;10;0
3900;1326;10;0
3907;1326;3;1
3910;1325;0;0
3911;1325;0;0
3902;1327;10;0
3903;1328;10;0
3904;1329;10;0
3905;52;10;0
3906;1330;10;0
3917;301;0;0
3908;1191;10;0
3909;1331;10;0
3912;568;10;0
3913;947;10;0
3914;2;10;0
3915;2;9;1
3916;1332;10;0
3918;1228;10;0
3919;1228;9;1
3920;1333;10;0
3926;1333;4;1
3921;1289;10;0
3922;1285;10;0
3924;1285;8;1
3925;1285;7;2
3927;1285;5;3
3932;1285;0;0
3923;1334;10;0
3933;2;0;0
3928;1335;10;0
3929;1335;9;1
3930;1276;10;0
3935;1276;5;1
3931;357;10;0
3936;357;5;1
3937;357;4;2
3934;1336;10;0
3938;738;10;0
3939;1337;10;0
3940;679;10;0
3941;52;10;0
3942;1338;10;0
3943;1339;10;0
3944;105;10;0
3946;105;8;1
3945;1004;10;0
3947;1245;10;0
3948;1245;9;1
3949;1245;8;2
3950;1289;10;0
3951;1340;10;0
3952;715;10;0
3953;1341;10;0
3954;1342;10;0
3955;1343;10;0
3956;1344;10;0
3957;1345;10;0
3958;348;10;0
3959;1346;10;0
3960;142;10;0
3961;1347;10;0
3962;1348;10;0
3963;1191;10;0
3964;1163;10;0
3965;1349;10;0
3966;1350;10;0
3967;1102;10;0
3968;510;10;0
3969;1351;10;0
3970;1351;9;1
3972;1351;7;2
3974;1351;5;3
3976;1351;3;4
3978;1351;1;5
3971;571;10;0
3982;1351;0;0
3973;1352;10;0
3975;1352;8;1
3977;1353;10;0
3979;1354;10;0
3980;1354;9;1
3981;1354;8;2
3983;1354;6;3
3984;1354;5;4
3991;1351;0;0
3992;1351;0;0
3994;1351;0;0
3985;1355;10;0
3986;236;10;0
3996;1351;0;0
3987;727;10;0
3997;1351;0;0
3988;1027;10;0
3989;1027;9;1
3990;1356;10;0
4000;1351;0;0
4001;1351;0;0
4002;1351;0;0
3993;738;10;0
3995;1357;10;0
3998;1348;10;0
4003;1348;5;1
4004;1348;4;2
3999;1358;10;0
4009;1351;0;0
4005;1359;10;0
4006;1360;10;0
4010;1360;6;1
4013;1360;3;2
4016;1351;0;0
4007;1361;10;0
4008;1362;10;0
4019;1351;0;0
4020;1351;0;0
4011;1363;10;0
4021;1360;0;0
4012;258;10;0
4022;1360;0;0
4023;1348;0;0
4014;1364;10;0
4024;1348;0;0
4015;391;10;0
4025;1360;0;0
4026;1360;0;0
4017;1365;10;0
4018;114;10;0
4029;1348;0;0
4030;1348;0;0
4032;1348;0;0
4027;100;10;0
4028;302;10;0
4031;302;7;1
4033;302;5;2
4034;302;4;3
4036;302;2;4
4038;302;0;0
4039;302;0;0
4043;302;0;0
4035;316;10;0
4046;302;0;0
4037;1191;10;0
4048;302;0;0
4040;427;10;0
4041;416;10;0
4051;302;0;0
4042;982;10;0
4044;245;10;0
4054;302;0;0
4045;1366;10;0
4047;1265;10;0
4058;302;0;0
4049;1367;10;0
4050;622;10;0
4052;1368;10;0
4062;302;0;0
4053;1369;10;0
4055;1370;10;0
4056;1228;10;0
4057;1256;10;0
4067;302;0;0
4059;1371;10;0
4060;1371;9;1
4066;1371;3;2
4061;120;10;0
4063;821;10;0
4064;821;9;1
4068;821;5;2
4065;1285;10;0
4078;302;0;0
4069;1096;10;0
4070;214;10;0
4071;214;9;1
4072;214;8;2
4073;214;7;3
4075;214;5;4
4076;214;4;5
4077;214;3;6
4082;214;0;0
4083;302;0;0
4074;738;10;0
4084;214;0;0
4085;214;0;0
4088;214;0;0
4079;907;10;0
4089;214;0;0
4080;1372;10;0
4081;1372;9;1
4090;214;0;0
4091;302;0;0
4092;214;0;0
4093;214;0;0
4094;214;0;0
4095;1372;0;0
4086;1373;10;0
4096;1372;0;0
4087;1374;10;0
4100;302;0;0
4101;214;0;0
4102;1372;0;0
4103;214;0;0
4097;1375;10;0
4104;1375;3;1
4107;1372;0;0
4098;1376;10;0
4108;1372;0;0
4099;1377;10;0
4109;1372;0;0
4110;1372;0;0
4111;302;0;0
4112;1375;0;0
4113;1372;0;0
4105;408;10;0
4115;1377;0;0
4106;1228;10;0
4117;1375;0;0
4118;302;0;0
4119;1377;0;0
4123;1377;0;0
4114;975;10;0
4124;302;0;0
4116;1324;10;0
4120;1378;10;0
4121;1379;10;0
4122;1380;10;0
4133;302;0;0
4125;1381;10;0
4126;1364;10;0
4127;1364;9;1
4128;1364;8;2
4129;1364;7;3
4136;1372;0;0
4138;1372;0;0
4139;302;0;0
4130;1341;10;0
4131;1341;9;1
4132;16;10;0
4142;1372;0;0
4134;1142;10;0
4144;1372;0;0
4135;1382;10;0
4137;1382;8;1
4141;1382;4;2
4145;1142;0;0
4146;1382;0;0
4148;1382;0;0
4140;1383;10;0
4150;1372;0;0
4151;1372;0;0
4143;1359;10;0
4153;1372;0;0
4154;1382;0;0
4155;302;0;0
4156;1382;0;0
4147;1373;10;0
4149;1384;10;0
4159;1382;0;0
4161;1372;0;0
4152;1288;10;0
4162;1382;0;0
4163;1372;0;0
4164;1382;0;0
4165;1382;0;0
4166;302;0;0
4157;1191;10;0
4158;1385;10;0
4169;302;0;0
4160;1379;10;0
4167;1379;3;1
4175;1372;0;0
4176;1372;0;0
4177;302;0;0
4168;1386;10;0
4170;1387;10;0
4180;1372;0;0
4171;1388;10;0
4172;1322;10;0
4173;1367;10;0
4183;1372;0;0
4174;428;10;0
4184;302;0;0
4186;1372;0;0
4178;1139;10;0
4179;1139;9;1
4188;1372;0;0
4181;1245;10;0
4182;1245;9;1
4191;1372;0;0
4192;1372;0;0
4193;302;0;0
4194;1372;0;0
4185;1085;10;0
4187;1389;10;0
4197;302;0;0
4189;1390;10;0
4190;545;10;0
4202;302;0;0
4195;1391;10;0
4196;1392;10;0
4206;302;0;0
4198;1393;10;0
4199;1373;10;0
4209;1372;0;0
4200;156;10;0
4201;105;10;0
4211;1372;0;0
4212;302;0;0
4203;245;10;0
4213;1372;0;0
4204;727;10;0
4205;417;10;0
4215;1392;0;0
4216;1372;0;0
4207;907;10;0
4208;1359;10;0
4210;1394;10;0
4220;302;0;0
4221;1372;0;0
4214;1395;10;0
4224;302;0;0
4226;302;0;0
4217;1096;10;0
4225;1096;2;1
4227;1096;0;0
4218;1396;10;0
4219;1397;10;0
4230;1372;0;0
4231;302;0;0
4222;444;10;0
4232;1372;0;0
4223;1398;10;0
4234;1372;0;0
4228;1399;10;0
4238;302;0;0
4229;738;10;0
4239;1372;0;0
4240;1372;0;0
4233;426;10;0
4244;302;0;0
4235;1400;10;0
4236;1401;10;0
4237;1402;10;0
4245;1402;2;1
4247;302;0;0
4249;1402;0;0
4250;302;0;0
4241;16;10;0
4242;1403;10;0
4243;1403;9;1
4246;1404;10;0
4248;1404;8;1
4254;1404;2;2
4256;302;0;0
4258;1404;0;0
4259;302;0;0
4251;1405;10;0
4252;1406;10;0
4262;302;0;0
4253;213;10;0
4255;471;10;0
4266;1404;0;0
4257;1152;10;0
4260;1407;10;0
4261;1408;10;0
4271;1404;0;0
4263;1272;10;0
4264;203;10;0
4265;1409;10;0
4267;1410;10;0
4268;1411;10;0
4269;1412;10;0
4270;1413;10;0
4272;1384;10;0
4282;1404;0;0
4273;1373;10;0
4274;221;10;0
4275;1414;10;0
4276;1414;9;1
4278;1414;7;2
4279;1414;6;3
4283;1414;2;4
4277;1415;10;0
4287;221;0;0
4288;221;0;0
4289;1414;0;0
4280;1416;10;0
4290;1404;0;0
4281;1417;10;0
4291;1414;0;0
4292;1414;0;0
4284;142;10;0
4285;142;9;1
4286;142;8;2
4296;1404;0;0
4293;559;10;0
4303;1404;0;0
4294;1113;10;0
4295;1113;9;1
4297;1418;10;0
4301;1418;6;1
4307;1418;0;0
4298;1419;10;0
4308;1418;0;0
4299;263;10;0
4309;1404;0;0
4300;52;10;0
4302;1420;10;0
4313;1404;0;0
4304;1421;10;0
4305;1422;10;0
4315;1418;0;0
4306;1038;10;0
4316;1404;0;0
4317;1418;0;0
4318;1418;0;0
4319;1418;0;0
4310;1225;10;0
4320;1404;0;0
4311;1423;10;0
4312;1423;9;1
4314;1424;10;0
4325;1418;0;0
4326;1404;0;0
4327;1423;0;0
4328;1423;0;0
4321;1409;10;0
4322;745;10;0
4323;1425;10;0
4324;1426;10;0
4337;1423;0;0
4329;907;10;0
4330;1275;10;0
4331;1275;9;1
4332;1275;8;2
4333;1022;10;0
4334;1427;10;0
4335;1412;10;0
4344;1412;1;1
4345;1423;0;0
4336;85;10;0
4346;1423;0;0
4347;1404;0;0
4338;480;10;0
4339;1391;10;0
4340;1191;10;0
4341;855;10;0
4342;1428;10;0
4352;1404;0;0
4343;477;10;0
4355;1404;0;0
4356;1423;0;0
4357;1423;0;0
4348;214;10;0
4349;214;9;1
4350;214;8;2
4351;214;7;3
4358;1404;0;0
4353;1429;10;0
4363;1404;0;0
4354;1430;10;0
4365;1423;0;0
4367;1404;0;0
4368;1404;0;0
4359;1431;10;0
4361;1431;8;1
4362;1431;7;2
4360;476;10;0
4364;476;6;1
4371;1404;0;0
4372;1404;0;0
4374;1404;0;0
4366;1380;10;0
4369;806;10;0
4370;1432;10;0
4373;1433;10;0
4375;1434;10;0
4376;100;10;0
4377;1435;10;0
4378;1436;10;0
4379;1437;10;0
4380;1438;10;0
4381;734;10;0
4391;1436;0;0
4382;1439;10;0
4383;1440;10;0
4384;1441;10;0
4385;1441;9;1
4388;1441;6;2
4389;1441;5;3
4394;1439;0;0
4386;685;10;0
4387;1442;10;0
4397;1441;0;0
4398;1441;0;0
4390;571;10;0
4400;1441;0;0
4401;1441;0;0
4392;1443;10;0
4402;1436;0;0
4393;491;10;0
4403;1436;0;0
4395;1444;10;0
4405;1436;0;0
4396;476;10;0
4406;1436;0;0
4399;1445;10;0
4404;1446;10;0
4416;1444;0;0
4407;1447;10;0
4417;1444;0;0
4408;734;10;0
4409;1448;10;0
4410;1004;10;0
4411;1449;10;0
4412;1191;10;0
4413;1312;10;0
4414;1450;10;0
4415;125;10;0
4418;1451;10;0
4419;1452;10;0
4420;180;10;0
4421;1397;10;0
4422;1397;9;1
4423;1399;10;0
4424;1453;10;0
4425;1454;10;0
4426;1102;10;0
4427;1455;10;0
4428;52;10;0
4431;52;7;1
4429;1456;10;0
4430;1457;10;0
4432;157;10;0
4433;60;10;0
4434;1458;10;0
4435;1430;10;0
4436;1027;10;0
4437;1027;9;1
4438;158;10;0
4439;1459;10;0
4440;515;10;0
4447;515;3;1
4441;1460;10;0
4451;515;0;0
4442;1215;10;0
4443;915;10;0
4444;1461;10;0
4445;1461;9;1
4446;1461;8;2
4450;1461;4;3
4453;1461;1;4
4456;515;0;0
4448;1106;10;0
4449;1106;9;1
4458;1461;0;0
4460;1461;0;0
4452;1462;10;0
4463;1461;0;0
4454;1463;10;0
4464;1461;0;0
4455;1464;10;0
4457;1465;10;0
4467;515;0;0
4468;1461;0;0
4459;1466;10;0
4462;1466;7;1
4469;515;0;0
4470;515;0;0
4461;16;10;0
4465;1467;10;0
4466;654;10;0
4477;515;0;0
4471;1460;10;0
4472;1460;9;1
4482;515;0;0
4473;426;10;0
4474;116;10;0
4484;1460;0;0
4475;52;10;0
4485;1460;0;0
4476;821;10;0
4486;515;0;0
4478;1468;10;0
4488;1460;0;0
4479;1469;10;0
4489;515;0;0
4480;1470;10;0
4490;1468;0;0
4481;1421;10;0
4491;515;0;0
4492;515;0;0
4483;1471;10;0
4493;515;0;0
4496;515;0;0
4487;1472;10;0
4500;515;0;0
4494;1191;10;0
4495;1473;10;0
4505;515;0;0
4497;1474;10;0
4507;515;0;0
4498;1225;10;0
4499;890;10;0
4509;515;0;0
4501;1475;10;0
4502;328;10;0
4503;613;10;0
4504;1228;10;0
4514;515;0;0
4515;515;0;0
4506;1476;10;0
4517;515;0;0
4508;1477;10;0
4510;214;10;0
4511;214;9;1
4512;214;8;2
4513;214;7;3
4520;515;0;0
4516;1430;10;0
4526;515;0;0
4518;1478;10;0
4528;515;0;0
4519;313;10;0
4529;1228;0;0
4521;79;10;0
4522;1479;10;0
4523;1380;10;0
4524;1480;10;0
4525;415;10;0
4527;1481;10;0
4530;1482;10;0
4531;555;10;0
4532;1483;10;0
4533;1484;10;0
4534;1485;10;0
4535;1486;10;0
4536;280;10;0
4539;280;7;1
4540;280;6;2
4537;1487;10;0
4543;1487;4;1
4538;344;10;0
4541;52;10;0
4542;685;10;0
4544;1289;10;0
4545;1488;10;0
4546;80;10;0
4547;105;10;0
4548;1489;10;0
4549;1490;10;0
4550;1491;10;0
4551;1245;10;0
4552;1191;10;0
4553;1492;10;0
4554;1114;10;0
4557;1114;7;1
4562;1114;2;2
4563;1114;1;3
4564;1114;0;0
4555;91;10;0
4565;1114;0;0
4556;1493;10;0
4558;1494;10;0
4559;1494;9;1
4568;1114;0;0
4569;1114;0;0
4560;1495;10;0
4561;1495;9;1
4566;1495;4;2
4570;1114;0;0
4571;1114;0;0
4572;1114;0;0
4573;1495;0;0
4575;1114;0;0
4576;1495;0;0
4567;1496;10;0
4577;1114;0;0
4578;1496;0;0
4579;1114;0;0
4580;1114;0;0
4582;1495;0;0
4583;1495;0;0
4574;1053;10;0
4584;1495;0;0
4585;1496;0;0
4586;1495;0;0
4581;1393;10;0
4592;1496;0;0
4587;1497;10;0
4588;1409;10;0
4589;1388;10;0
4590;1004;10;0
4600;1496;0;0
4591;1498;10;0
4593;986;10;0
4603;1496;0;0
4594;1430;10;0
4595;68;10;0
4596;1499;10;0
4597;1412;10;0
4607;1496;0;0
4598;1358;10;0
4608;1495;0;0
4599;1500;10;0
4609;1495;0;0
4610;1496;0;0
4601;1285;10;0
4611;1495;0;0
4602;1312;10;0
4612;1495;0;0
4613;1495;0;0
4604;1501;10;0
4605;110;10;0
4606;545;10;0
4614;1317;10;0
4615;1486;10;0
4616;1502;10;0
4617;97;10;0
4618;193;10;0
4628;986;0;0
4619;1503;10;0
4620;1504;10;0
4630;193;0;0
4621;129;10;0
4625;129;6;1
4627;129;4;2
4629;129;2;3
4622;1028;10;0
4623;52;10;0
4624;1409;10;0
4626;1505;10;0
4631;406;10;0
4632;1506;10;0
4633;1507;10;0
4634;1508;10;0
4643;1508;1;1
4635;1412;10;0
4636;763;10;0
4646;193;0;0
4637;1195;10;0
4638;1509;10;0
4639;1509;9;1
4640;1191;10;0
4641;1510;10;0
4651;1508;0;0
4642;1511;10;0
4652;1508;0;0
4644;890;10;0
4645;1512;10;0
4647;1430;10;0
4648;66;10;0
4649;1513;10;0
4650;1491;10;0
4653;1491;7;1
4654;1491;6;2
4656;1491;4;3
4659;1491;1;4
4661;1491;0;0
4662;1491;0;0
4655;1412;10;0
4665;1491;0;0
4657;583;10;0
4658;1514;10;0
4660;1108;10;0
4663;100;10;0
4664;1334;10;0
4666;1515;10;0
4667;1516;10;0
4668;1516;9;1
4669;1516;8;2
4674;1516;3;3
4675;1516;2;4
4670;602;10;0
4671;1517;10;0
4672;1518;10;0
4673;772;10;0
4684;1516;0;0
4676;1519;10;0
4677;1520;10;0
4678;1322;10;0
4679;1275;10;0
4680;1275;9;1
4681;1275;8;2
4682;1275;7;3
4683;1275;6;4
4685;1521;10;0
4686;1228;10;0
4687;116;10;0
4688;1366;10;0
4689;1522;10;0
4690;1202;10;0
4691;303;10;0
4692;1523;10;0
4693;52;10;0
4694;1524;10;0
4695;825;10;0
4696;1525;10;0
4697;1526;10;0
4698;1527;10;0
4699;1528;10;0
4700;1449;10;0
4710;1523;0;0
4701;1191;10;0
4702;1529;10;0
4703;1380;10;0
4704;214;10;0
4705;393;10;0
4706;95;10;0
4707;813;10;0
4708;926;10;0
4718;926;0;0
4709;1530;10;0
4711;1531;10;0
4715;1531;6;1
4712;1341;10;0
4713;1341;9;1
4714;1341;8;2
4716;1341;6;3
4717;1341;5;4
4727;1530;0;0
4728;1530;0;0
4719;1430;10;0
4720;1532;10;0
4721;1533;10;0
4722;236;10;0
4723;1006;10;0
4724;685;10;0
4725;1534;10;0
4726;1535;10;0
4729;1529;10;0
4735;1529;4;1
4730;1536;10;0
4731;1537;10;0
4732;1538;10;0
4733;1510;10;0
4734;1539;10;0
4736;1540;10;0
4737;52;10;0
4738;1541;10;0
4739;317;10;0
4740;240;10;0
4741;1245;10;0
4742;1245;9;1
4744;1245;7;2
4743;1542;10;0
4745;805;10;0
4746;1543;10;0
4747;1544;10;0
4748;1545;10;0
4749;1102;10;0
4750;1470;10;0
4751;1546;10;0
4752;1499;10;0
4753;1547;10;0
4754;1548;10;0
4755;24;10;0
4756;1549;10;0
4757;1399;10;0
4758;1496;10;0
4761;1496;7;1
4766;1496;2;2
4767;1496;1;3
4759;1430;10;0
4760;1191;10;0
4762;1404;10;0
4768;1404;4;1
4772;1404;0;0
4763;1550;10;0
4764;926;10;0
4765;652;10;0
4778;1404;0;0
4769;404;10;0
4770;26;10;0
4771;1448;10;0
4773;1551;10;0
4775;1551;8;1
4777;1551;6;2
4783;1404;0;0
4774;1552;10;0
4785;1551;0;0
4776;1553;10;0
4779;1554;10;0
4789;1551;0;0
4780;1468;10;0
4781;644;10;0
4782;1555;10;0
4792;1404;0;0
4784;1556;10;0
4786;1557;10;0
4787;1558;10;0
4790;1558;7;1
4797;1551;0;0
4788;1559;10;0
4798;1558;0;0
4799;1551;0;0
4791;1161;10;0
4801;1558;0;0
4802;1558;0;0
4793;1560;10;0
4794;1561;10;0
4804;1551;0;0
4795;721;10;0
4796;721;9;1
4805;1558;0;0
4806;1551;0;0
4807;1558;0;0
4808;1551;0;0
4800;241;10;0
4810;1558;0;0
4803;276;10;0
4813;1558;0;0
4816;1559;0;0
4809;1562;10;0
4819;1558;0;0
4811;1409;10;0
4821;1558;0;0
4812;1563;10;0
4823;1558;0;0
4814;1289;10;0
4824;1558;0;0
4815;1564;10;0
4826;721;0;0
4817;1528;10;0
4827;1558;0;0
4818;66;10;0
4820;66;8;1
4822;66;6;2
4828;1558;0;0
4830;66;0;0
4831;66;0;0
4825;1565;10;0
4829;745;10;0
4832;692;10;0
4833;1566;10;0
4834;383;10;0
4842;383;2;1
4844;1559;0;0
4835;404;10;0
4836;1567;10;0
4846;383;0;0
4837;722;10;0
4838;1085;10;0
4839;672;10;0
4840;1568;10;0
4841;536;10;0
4843;1569;10;0
4854;1559;0;0
4845;1473;10;0
4855;1559;0;0
4847;330;10;0
4848;1430;10;0
4849;1570;10;0
4850;24;10;0
4851;1571;10;0
4852;1572;10;0
4853;26;10;0
4859;26;4;1
4865;1570;0;0
4856;157;10;0
4866;1570;0;0
4857;1289;10;0
4867;1559;0;0
4858;1275;10;0
4861;1275;7;1
4860;1573;10;0
4871;1570;0;0
4862;1228;10;0
4863;1228;9;1
4864;780;10;0
4868;233;10;0
4878;1570;0;0
4869;1574;10;0
4870;1574;9;1
4873;1574;6;2
4876;1574;3;3
4877;1574;2;4
4880;1570;0;0
4881;1570;0;0
4872;1575;10;0
4882;1570;0;0
4874;1576;10;0
4875;1576;9;1
4884;1570;0;0
4886;1576;0;0
4887;1570;0;0
4888;1570;0;0
4879;1498;10;0
4890;1570;0;0
4883;1393;10;0
4893;1570;0;0
4885;1191;10;0
4895;1570;0;0
4896;1570;0;0
4898;1570;0;0
4889;330;10;0
4899;1570;0;0
4900;1570;0;0
4891;85;10;0
4892;320;10;0
4894;1577;10;0
4897;1577;7;1
4901;1577;3;2
4906;1577;0;0
4908;1577;0;0
4902;1468;10;0
4903;1524;10;0
4913;1577;0;0
4904;1578;10;0
4907;1578;7;1
4910;1578;4;2
4905;1053;10;0
4915;1578;0;0
4916;1577;0;0
4918;1578;0;0
4909;1579;10;0
4914;1579;5;1
4919;1578;0;0
4920;1577;0;0
4911;1580;10;0
4912;30;10;0
4923;1578;0;0
4924;1578;0;0
4925;1578;0;0
4917;1289;10;0
4928;1578;0;0
4929;1577;0;0
4930;1578;0;0
4921;1581;10;0
4922;1582;10;0
4933;1577;0;0
4934;1577;0;0
4926;1583;10;0
4927;1583;9;1
4936;1577;0;0
4931;615;10;0
4932;1584;10;0
4935;1585;10;0
4937;1586;10;0
4938;1587;10;0
4939;1588;10;0
4940;1589;10;0
4941;114;10;0
4942;1530;10;0
4943;105;10;0
4944;1590;10;0
4945;1430;10;0
4955;1588;0;0
4946;1591;10;0
4947;1289;10;0
4948;1592;10;0
4949;155;10;0
4950;1593;10;0
4951;26;10;0
4952;469;10;0
4953;1594;10;0
4954;125;10;0
4956;1595;10;0
4957;1568;10;0
4958;1102;10;0
4959;333;10;0
4960;1596;10;0
4961;1596;9;1
4971;1596;0;0
4962;1191;10;0
4963;1597;10;0
4973;1596;0;0
4964;29;10;0
4965;453;10;0
4966;1598;10;0
4968;1598;8;1
4969;1598;7;2
4970;1598;6;3
4972;1598;4;4
4974;1598;2;5
4975;1598;1;6
4976;1598;0;0
4967;1320;10;0
4977;1598;0;0
4978;1598;0;0
4981;1598;0;0
4984;1598;0;0
4985;1598;0;0
4987;1598;0;0
4979;1599;10;0
4980;1599;9;1
4982;1600;10;0
4983;725;10;0
4986;374;10;0
4988;1289;10;0
4989;1271;10;0
4990;1601;10;0
4991;1602;10;0
4992;1603;10;0
4993;1604;10;0
4994;1497;10;0
4995;26;10;0
4996;696;10;0
4997;1605;10;0
4998;1468;10;0
4999;1013;10;0
