LRUAggregateDelayCache;12;1;12
0;8;0
1;8;0
1;4;1
2;8;0
3;8;0
1;0;0
4;8;0
5;8;0
5;7;1
5;4;2
5;2;3
1;0;0
6;8;0
1;0;0
7;8;0
5;0;0
5;0;0
8;8;0
8;7;1
9;8;0
5;0;0
1;0;0
10;8;0
1;0;0
11;8;0
11;7;1
5;0;0
1;0;0
12;8;0
1;0;0
13;8;0
1;0;0
14;8;0
1;0;0
14;0;0
1;0;0
15;8;0
15;1;1
15;0;0
16;8;0
17;8;0
18;8;0
15;0;0
14;0;0
19;8;0
2;8;0
2;7;1
15;0;0
1;0;0
20;8;0
20;4;1
21;8;0
15;0;0
15;0;0
22;8;0
11;0;0
0;8;0
0;6;1
0;4;2
0;2;3
0;0;0
20;0;0
20;0;0
9;8;0
20;0;0
20;0;0
2;0;0
9;0;0
7;8;0
23;8;0
11;0;0
20;0;0
8;8;0
8;5;1
8;4;2
24;8;0
8;0;0
8;0;0
8;0;0
8;0;0
25;8;0
26;8;0
0;0;0
27;8;0
0;0;0
0;0;0
28;8;0
0;0;0
29;8;0
30;8;0
11;0;0
31;8;0
31;3;1
31;2;2
11;0;0
32;8;0
33;8;0
34;8;0
35;8;0
36;8;0
17;8;0
0;0;0
7;8;0
37;8;0
38;8;0
39;8;0
39;5;1
0;0;0
40;8;0
40;3;1
40;0;0
41;8;0
42;8;0
0;0;0
40;0;0
43;8;0
43;5;1
40;0;0
7;0;0
44;8;0
44;7;1
0;0;0
45;8;0
11;0;0
46;8;0
46;7;1
17;8;0
47;8;0
47;6;1
48;8;0
49;8;0
3;8;0
47;0;0
50;8;0
51;8;0
51;7;1
11;0;0
52;8;0
52;7;1
53;8;0
53;7;1
53;1;2
53;0;0
53;0;0
54;8;0
53;0;0
55;8;0
53;0;0
56;8;0
11;0;0
57;8;0
58;8;0
59;8;0
60;8;0
43;8;0
61;8;0
62;8;0
7;8;0
63;8;0
63;7;1
63;6;2
63;5;3
64;8;0
65;8;0
66;8;0
67;8;0
68;8;0
69;8;0
70;8;0
71;8;0
71;7;1
72;8;0
3;8;0
3;5;1
73;8;0
74;8;0
75;8;0
76;8;0
77;8;0
7;8;0
7;6;1
78;8;0
39;8;0
79;8;0
80;8;0
81;8;0
82;8;0
82;5;1
82;2;2
82;1;3
83;8;0
84;8;0
85;8;0
86;8;0
7;0;0
87;8;0
88;8;0
89;8;0
89;5;1
24;8;0
90;8;0
86;0;0
91;8;0
92;8;0
92;7;1
92;6;2
93;8;0
86;0;0
94;8;0
95;8;0
52;8;0
52;7;1
96;8;0
86;0;0
97;8;0
98;8;0
99;8;0
100;8;0
101;8;0
102;8;0
86;0;0
103;8;0
104;8;0
105;8;0
105;7;1
86;0;0
106;8;0
7;8;0
107;8;0
108;8;0
35;8;0
109;8;0
110;8;0
111;8;0
111;4;1
83;8;0
112;8;0
112;7;1
113;8;0
114;8;0
115;8;0
116;8;0
117;8;0
118;8;0
118;4;1
119;8;0
120;8;0
63;8;0
63;6;1
63;5;2
63;4;3
63;3;4
63;2;5
118;0;0
118;0;0
118;0;0
118;0;0
118;0;0
118;0;0
121;8;0
118;0;0
118;0;0
122;8;0
47;8;0
47;7;1
44;8;0
123;8;0
124;8;0
46;8;0
46;7;1
46;4;2
56;8;0
7;8;0
125;8;0
126;8;0
51;8;0
51;7;1
127;8;0
128;8;0
129;8;0
129;5;1
129;2;2
130;8;0
129;0;0
131;8;0
132;8;0
12;8;0
133;8;0
133;7;1
134;8;0
135;8;0
135;5;1
129;0;0
136;8;0
26;8;0
26;3;1
137;8;0
52;8;0
7;8;0
129;0;0
138;8;0
139;8;0
140;8;0
141;8;0
141;6;1
142;8;0
71;8;0
71;5;1
71;4;2
129;0;0
143;8;0
144;8;0
145;8;0
129;0;0
49;8;0
14;8;0
14;5;1
14;3;2
141;0;0
103;8;0
106;8;0
146;8;0
43;8;0
136;8;0
147;8;0
148;8;0
148;7;1
148;3;2
148;2;3
148;1;4
148;0;0
149;8;0
148;0;0
150;8;0
151;8;0
7;8;0
148;0;0
152;8;0
153;8;0
154;8;0
102;8;0
102;6;1
155;8;0
156;8;0
157;8;0
158;8;0
159;8;0
160;8;0
161;8;0
162;8;0
163;8;0
164;8;0
165;8;0
165;6;1
165;3;2
165;2;3
166;8;0
100;8;0
167;8;0
167;4;1
167;0;0
168;8;0
167;0;0
105;8;0
167;0;0
83;8;0
136;8;0
7;8;0
52;8;0
52;3;1
167;0;0
52;0;0
169;8;0
167;0;0
170;8;0
171;8;0
172;8;0
167;0;0
167;0;0
26;8;0
63;8;0
63;7;1
63;6;2
63;5;3
167;0;0
167;0;0
173;8;0
174;8;0
174;0;0
175;8;0
175;4;1
175;1;2
112;8;0
112;7;1
175;0;0
139;8;0
176;8;0
177;8;0
174;0;0
178;8;0
179;8;0
180;8;0
181;8;0
182;8;0
44;8;0
44;6;1
13;8;0
7;8;0
68;8;0
183;8;0
184;8;0
46;8;0
46;7;1
46;6;2
46;5;3
184;0;0
46;0;0
185;8;0
185;7;1
46;0;0
12;8;0
184;0;0
186;8;0
186;7;1
187;8;0
184;0;0
26;8;0
188;8;0
184;0;0
189;8;0
190;8;0
190;7;1
184;0;0
191;8;0
83;8;0
184;0;0
55;8;0
184;0;0
142;8;0
114;8;0
184;0;0
192;8;0
193;8;0
184;0;0
194;8;0
56;8;0
195;8;0
141;8;0
154;8;0
141;0;0
196;8;0
197;8;0
198;8;0
199;8;0
200;8;0
201;8;0
202;8;0
202;7;1
202;6;2
202;5;3
141;0;0
141;0;0
203;8;0
204;8;0
204;7;1
66;8;0
49;8;0
7;8;0
181;8;0
181;6;1
205;8;0
206;8;0
207;8;0
208;8;0
209;8;0
210;8;0
211;8;0
211;2;1
212;8;0
213;8;0
109;8;0
214;8;0
214;7;1
190;8;0
52;8;0
52;7;1
215;8;0
216;8;0
217;8;0
218;8;0
219;8;0
219;1;1
102;8;0
26;8;0
7;8;0
219;0;0
220;8;0
220;7;1
221;8;0
16;8;0
222;8;0
223;8;0
219;0;0
224;8;0
225;8;0
219;0;0
226;8;0
174;8;0
227;8;0
227;7;1
228;8;0
173;8;0
229;8;0
167;8;0
167;4;1
167;1;2
83;8;0
116;8;0
230;8;0
167;0;0
171;8;0
167;0;0
26;8;0
231;8;0
231;6;1
167;0;0
232;8;0
167;0;0
167;0;0
233;8;0
167;0;0
234;8;0
235;8;0
167;0;0
7;8;0
167;0;0
207;8;0
236;8;0
167;0;0
190;8;0
112;8;0
112;7;1
112;6;2
167;0;0
237;8;0
238;8;0
238;4;1
167;0;0
238;0;0
212;8;0
167;0;0
239;8;0
238;0;0
142;8;0
238;0;0
240;8;0
167;0;0
167;0;0
238;0;0
241;8;0
238;0;0
242;8;0
167;0;0
238;0;0
52;8;0
167;0;0
167;0;0
142;0;0
243;8;0
167;0;0
244;8;0
238;0;0
167;0;0
245;8;0
245;7;1
238;0;0
238;0;0
222;8;0
246;8;0
247;8;0
46;8;0
46;7;1
46;6;2
46;3;3
46;2;4
7;8;0
248;8;0
58;8;0
249;8;0
192;8;0
250;8;0
207;8;0
207;5;1
207;3;2
207;1;3
11;8;0
66;8;0
66;1;1
12;8;0
26;8;0
251;8;0
57;8;0
185;8;0
252;8;0
252;4;1
252;0;0
253;8;0
252;0;0
254;8;0
252;0;0
255;8;0
256;8;0
257;8;0
258;8;0
259;8;0
260;8;0
261;8;0
262;8;0
190;8;0
190;6;1
222;8;0
7;8;0
263;8;0
264;8;0
265;8;0
266;8;0
173;8;0
233;8;0
134;8;0
57;8;0
267;8;0
268;8;0
214;8;0
214;7;1
214;3;2
214;2;3
214;1;4
214;0;0
214;0;0
269;8;0
270;8;0
26;8;0
269;0;0
214;0;0
214;0;0
214;0;0
271;8;0
214;0;0
272;8;0
272;6;1
208;8;0
214;0;0
214;0;0
214;0;0
222;8;0
273;8;0
274;8;0
85;8;0
214;0;0
55;8;0
55;4;1
55;3;2
55;2;3
214;0;0
214;0;0
214;0;0
214;0;0
214;0;0
214;0;0
214;0;0
271;0;0
152;8;0
275;8;0
276;8;0
7;8;0
52;8;0
250;8;0
277;8;0
7;0;0
278;8;0
279;8;0
280;8;0
281;8;0
282;8;0
283;8;0
68;8;0
284;8;0
169;8;0
285;8;0
285;4;1
285;3;2
222;8;0
286;8;0
287;8;0
7;0;0
288;8;0
289;8;0
289;7;1
290;8;0
291;8;0
292;8;0
293;8;0
294;8;0
26;8;0
100;8;0
114;8;0
112;8;0
295;8;0
296;8;0
297;8;0
298;8;0
298;7;1
299;8;0
300;8;0
301;8;0
302;8;0
302;4;1
302;1;2
303;8;0
222;8;0
304;8;0
302;0;0
305;8;0
306;8;0
238;8;0
238;2;1
12;8;0
307;8;0
307;6;1
302;0;0
52;8;0
308;8;0
308;2;1
238;0;0
309;8;0
310;8;0
310;7;1
302;0;0
311;8;0
238;0;0
312;8;0
313;8;0
302;0;0
238;0;0
46;8;0
46;7;1
46;6;2
238;0;0
302;0;0
314;8;0
308;0;0
222;8;0
302;0;0
7;8;0
315;8;0
302;0;0
302;0;0
303;8;0
316;8;0
302;0;0
317;8;0
318;8;0
302;0;0
319;8;0
320;8;0
83;8;0
321;8;0
302;0;0
322;8;0
322;5;1
322;4;2
322;1;3
302;0;0
323;8;0
323;4;1
323;0;0
293;8;0
302;0;0
323;0;0
323;0;0
302;0;0
324;8;0
323;0;0
302;0;0
325;8;0
326;8;0
326;7;1
302;0;0
327;8;0
302;0;0
302;0;0
262;8;0
302;0;0
309;8;0
309;4;1
328;8;0
262;0;0
329;8;0
301;8;0
330;8;0
12;8;0
214;8;0
214;6;1
214;5;2
214;4;3
214;2;4
214;1;5
214;0;0
331;8;0
214;0;0
214;0;0
214;0;0
214;0;0
332;8;0
214;0;0
214;0;0
214;0;0
282;8;0
333;8;0
262;0;0
334;8;0
7;8;0
95;8;0
335;8;0
336;8;0
337;8;0
337;6;1
293;8;0
338;8;0
220;8;0
339;8;0
340;8;0
256;8;0
341;8;0
341;5;1
342;8;0
343;8;0
344;8;0
341;0;0
345;8;0
272;8;0
272;7;1
272;6;2
346;8;0
347;8;0
341;0;0
348;8;0
341;0;0
349;8;0
285;8;0
285;5;1
285;3;2
350;8;0
323;8;0
323;2;1
341;0;0
323;0;0
190;8;0
351;8;0
351;6;1
351;2;2
38;8;0
341;0;0
352;8;0
351;0;0
323;0;0
351;0;0
353;8;0
351;0;0
345;8;0
341;0;0
354;8;0
351;0;0
355;8;0
351;0;0
351;0;0
341;0;0
356;8;0
341;0;0
357;8;0
357;3;1
83;8;0
358;8;0
357;0;0
7;8;0
357;0;0
351;0;0
227;8;0
351;0;0
359;8;0
359;7;1
341;0;0
351;0;0
360;8;0
361;8;0
105;8;0
116;8;0
341;0;0
362;8;0
363;8;0
364;8;0
153;8;0
365;8;0
365;4;1
365;1;2
341;0;0
366;8;0
276;8;0
365;0;0
367;8;0
368;8;0
363;0;0
363;0;0
369;8;0
341;0;0
370;8;0
363;0;0
371;8;0
372;8;0
151;8;0
341;0;0
341;0;0
341;0;0
373;8;0
373;4;1
341;0;0
374;8;0
373;0;0
309;8;0
341;0;0
375;8;0
373;0;0
50;8;0
341;0;0
376;8;0
373;0;0
319;8;0
377;8;0
341;0;0
293;8;0
345;8;0
373;0;0
378;8;0
379;8;0
341;0;0
380;8;0
373;0;0
310;8;0
381;8;0
381;7;1
381;5;2
382;8;0
52;8;0
52;7;1
373;0;0
323;8;0
323;0;0
16;8;0
46;8;0
46;3;1
52;0;0
212;8;0
212;7;1
46;0;0
383;8;0
46;0;0
381;0;0
46;0;0
381;0;0
328;8;0
373;0;0
7;8;0
323;0;0
373;0;0
203;8;0
190;8;0
190;6;1
384;8;0
323;0;0
385;8;0
373;0;0
386;8;0
323;0;0
345;8;0
378;8;0
387;8;0
373;0;0
388;8;0
323;0;0
373;0;0
114;8;0
389;8;0
7;8;0
390;8;0
323;0;0
391;8;0
83;8;0
381;0;0
392;8;0
373;0;0
141;8;0
141;7;1
381;0;0
381;0;0
393;8;0
323;0;0
394;8;0
381;0;0
395;8;0
373;0;0
381;0;0
323;0;0
373;0;0
396;8;0
323;0;0
136;8;0
136;7;1
373;0;0
323;0;0
236;8;0
373;0;0
397;8;0
378;8;0
323;0;0
141;0;0
398;8;0
141;0;0
399;8;0
373;0;0
154;8;0
141;0;0
132;8;0
323;0;0
373;0;0
400;8;0
245;8;0
245;6;1
323;0;0
396;8;0
381;0;0
373;0;0
381;0;0
401;8;0
402;8;0
381;0;0
381;0;0
282;8;0
282;3;1
403;8;0
323;0;0
373;0;0
323;0;0
401;0;0
7;8;0
404;8;0
323;0;0
345;8;0
323;0;0
405;8;0
68;8;0
406;8;0
163;8;0
323;0;0
407;8;0
323;0;0
408;8;0
409;8;0
163;0;0
410;8;0
411;8;0
323;0;0
412;8;0
7;8;0
331;8;0
331;3;1
413;8;0
323;0;0
404;8;0
272;8;0
272;7;1
272;6;2
414;8;0
414;0;0
415;8;0
416;8;0
417;8;0
385;8;0
418;8;0
419;8;0
420;8;0
337;8;0
337;7;1
421;8;0
421;3;1
421;2;2
421;1;3
421;0;0
212;8;0
422;8;0
421;0;0
423;8;0
421;0;0
163;8;0
421;0;0
421;0;0
421;0;0
421;0;0
110;8;0
424;8;0
425;8;0
426;8;0
389;8;0
402;8;0
427;8;0
428;8;0
429;8;0
430;8;0
431;8;0
432;8;0
433;8;0
434;8;0
169;8;0
435;8;0
435;7;1
436;8;0
100;8;0
437;8;0
438;8;0
438;7;1
267;8;0
439;8;0
440;8;0
441;8;0
442;8;0
443;8;0
444;8;0
385;8;0
440;0;0
445;8;0
446;8;0
293;8;0
446;0;0
447;8;0
414;8;0
448;8;0
215;8;0
52;8;0
362;8;0
447;0;0
449;8;0
449;7;1
130;8;0
450;8;0
451;8;0
447;0;0
83;8;0
105;8;0
452;8;0
373;8;0
373;4;1
373;2;2
453;8;0
454;8;0
373;0;0
447;0;0
163;8;0
373;0;0
212;8;0
439;8;0
188;8;0
188;7;1
373;0;0
455;8;0
373;0;0
85;8;0
456;8;0
373;0;0
457;8;0
46;8;0
458;8;0
373;0;0
459;8;0
459;1;1
52;8;0
460;8;0
460;6;1
461;8;0
373;0;0
462;8;0
463;8;0
6;8;0
373;0;0
464;8;0
465;8;0
373;0;0
370;8;0
373;0;0
320;8;0
466;8;0
467;8;0
373;0;0
468;8;0
373;0;0
469;8;0
373;0;0
470;8;0
471;8;0
472;8;0
163;8;0
473;8;0
404;8;0
328;8;0
341;8;0
341;3;1
90;8;0
474;8;0
474;7;1
474;6;2
474;2;3
474;1;4
163;0;0
474;0;0
341;0;0
474;0;0
293;8;0
475;8;0
474;0;0
341;0;0
476;8;0
476;6;1
476;4;2
341;0;0
12;8;0
477;8;0
341;0;0
478;8;0
479;8;0
479;5;1
341;0;0
480;8;0
481;8;0
481;7;1
163;0;0
360;8;0
482;8;0
341;0;0
483;8;0
272;8;0
341;0;0
331;8;0
331;7;1
331;0;0
484;8;0
485;8;0
486;8;0
487;8;0
341;0;0
488;8;0
489;8;0
490;8;0
491;8;0
373;8;0
373;4;1
341;0;0
337;8;0
337;7;1
481;0;0
163;8;0
163;3;1
492;8;0
341;0;0
493;8;0
373;0;0
373;0;0
147;8;0
341;0;0
341;0;0
373;0;0
494;8;0
495;8;0
341;0;0
373;0;0
341;0;0
496;8;0
476;8;0
341;0;0
497;8;0
498;8;0
341;0;0
499;8;0
500;8;0
341;0;0
501;8;0
245;8;0
502;8;0
341;0;0
503;8;0
341;0;0
504;8;0
505;8;0
169;8;0
506;8;0
341;0;0
507;8;0
18;8;0
293;8;0
52;8;0
296;8;0
296;7;1
508;8;0
509;8;0
510;8;0
511;8;0
511;1;1
512;8;0
511;0;0
475;8;0
446;8;0
446;1;1
362;8;0
362;7;1
362;6;2
511;0;0
446;0;0
12;8;0
511;0;0
511;0;0
513;8;0
446;0;0
514;8;0
515;8;0
515;4;1
515;0;0
511;0;0
115;8;0
515;0;0
511;0;0
105;8;0
105;7;1
446;0;0
515;0;0
511;0;0
516;8;0
446;0;0
511;0;0
448;8;0
515;0;0
446;0;0
517;8;0
511;0;0
515;0;0
446;0;0
515;0;0
434;8;0
515;0;0
511;0;0
515;0;0
518;8;0
518;7;1
518;6;2
518;2;3
446;0;0
519;8;0
515;0;0
56;8;0
56;7;1
520;8;0
520;2;1
446;0;0
446;0;0
521;8;0
520;0;0
522;8;0
522;4;1
522;0;0
523;8;0
446;0;0
522;0;0
524;8;0
100;8;0
426;8;0
446;0;0
525;8;0
522;0;0
526;8;0
520;0;0
527;8;0
514;8;0
528;8;0
446;0;0
194;8;0
522;0;0
529;8;0
529;0;0
522;0;0
16;8;0
522;0;0
434;8;0
446;0;0
511;8;0
511;1;1
446;0;0
530;8;0
511;0;0
531;8;0
531;5;1
531;1;2
531;0;0
12;8;0
446;0;0
531;0;0
532;8;0
531;0;0
533;8;0
533;4;1
533;1;2
446;0;0
533;0;0
446;0;0
446;0;0
446;0;0
534;8;0
511;0;0
341;8;0
341;6;1
341;2;2
533;0;0
341;0;0
533;0;0
533;0;0
511;0;0
404;8;0
404;3;1
341;0;0
533;0;0
511;0;0
535;8;0
535;2;1
341;0;0
536;8;0
537;8;0
535;0;0
341;0;0
533;0;0
535;0;0
116;8;0
533;0;0
90;8;0
90;7;1
511;0;0
538;8;0
538;1;1
535;0;0
341;0;0
538;0;0
535;0;0
511;0;0
535;0;0
535;0;0
341;0;0
535;0;0
535;0;0
123;8;0
341;0;0
152;8;0
511;0;0
535;0;0
539;8;0
540;8;0
541;8;0
341;0;0
511;0;0
542;8;0
542;0;0
542;0;0
543;8;0
543;7;1
544;8;0
545;8;0
542;0;0
546;8;0
547;8;0
548;8;0
167;8;0
167;5;1
167;3;2
213;8;0
542;0;0
549;8;0
167;0;0
550;8;0
538;8;0
538;7;1
538;5;2
538;2;3
550;0;0
550;0;0
551;8;0
538;0;0
538;0;0
167;0;0
552;8;0
538;0;0
538;0;0
553;8;0
538;0;0
554;8;0
167;0;0
553;0;0
555;8;0
556;8;0
167;0;0
557;8;0
558;8;0
167;0;0
559;8;0
560;8;0
561;8;0
114;8;0
562;8;0
563;8;0
563;4;1
563;1;2
564;8;0
565;8;0
563;0;0
377;8;0
563;0;0
41;8;0
563;0;0
566;8;0
567;8;0
542;8;0
568;8;0
569;8;0
105;8;0
570;8;0
571;8;0
91;8;0
362;8;0
553;8;0
572;8;0
573;8;0
573;5;1
573;3;2
574;8;0
575;8;0
576;8;0
573;0;0
220;8;0
220;5;1
220;4;2
573;0;0
577;8;0
578;8;0
579;8;0
580;8;0
577;0;0
581;8;0
582;8;0
583;8;0
567;8;0
584;8;0
585;8;0
573;0;0
167;8;0
167;6;1
586;8;0
167;0;0
573;0;0
587;8;0
328;8;0
573;0;0
588;8;0
588;7;1
130;8;0
563;8;0
563;4;1
563;1;2
563;0;0
589;8;0
589;1;1
590;8;0
591;8;0
110;8;0
66;8;0
121;8;0
592;8;0
56;8;0
593;8;0
594;8;0
595;8;0
548;8;0
548;1;1
211;8;0
211;7;1
596;8;0
366;8;0
245;8;0
358;8;0
597;8;0
598;8;0
599;8;0
599;7;1
600;8;0
601;8;0
602;8;0
159;8;0
599;0;0
603;8;0
12;8;0
604;8;0
605;8;0
241;8;0
606;8;0
90;8;0
515;8;0
515;4;1
515;2;2
607;8;0
349;8;0
515;0;0
608;8;0
515;0;0
445;8;0
609;8;0
609;0;0
571;8;0
610;8;0
608;0;0
611;8;0
515;0;0
275;8;0
612;8;0
515;0;0
613;8;0
614;8;0
614;3;1
515;0;0
615;8;0
169;8;0
616;8;0
609;0;0
617;8;0
617;4;1
617;3;2
617;2;3
515;0;0
618;8;0
606;8;0
515;0;0
515;0;0
619;8;0
154;8;0
620;8;0
515;0;0
619;0;0
621;8;0
619;0;0
622;8;0
619;0;0
623;8;0
619;0;0
624;8;0
515;0;0
545;8;0
545;4;1
515;0;0
515;0;0
625;8;0
626;8;0
515;0;0
627;8;0
627;7;1
515;0;0
628;8;0
629;8;0
630;8;0
515;0;0
631;8;0
632;8;0
515;0;0
515;0;0
448;8;0
633;8;0
634;8;0
258;8;0
515;0;0
635;8;0
636;8;0
636;7;1
515;0;0
586;8;0
586;4;1
586;1;2
637;8;0
586;0;0
638;8;0
612;8;0
85;8;0
639;8;0
616;8;0
640;8;0
204;8;0
641;8;0
642;8;0
230;8;0
643;8;0
644;8;0
645;8;0
646;8;0
647;8;0
648;8;0
236;8;0
649;8;0
650;8;0
651;8;0
651;6;1
651;4;2
651;3;3
651;0;0
652;8;0
651;0;0
651;0;0
653;8;0
651;0;0
654;8;0
655;8;0
263;8;0
342;8;0
656;8;0
657;8;0
658;8;0
659;8;0
660;8;0
660;7;1
660;6;2
660;4;3
660;3;4
660;1;5
660;0;0
661;8;0
447;8;0
662;8;0
663;8;0
411;8;0
664;8;0
665;8;0
666;8;0
667;8;0
447;0;0
221;8;0
221;7;1
221;3;2
668;8;0
669;8;0
670;8;0
671;8;0
672;8;0
673;8;0
674;8;0
675;8;0
30;8;0
447;0;0
676;8;0
677;8;0
651;0;0
678;8;0
651;0;0
679;8;0
680;8;0
651;0;0
681;8;0
682;8;0
116;8;0
683;8;0
683;3;1
683;0;0
684;8;0
100;8;0
685;8;0
683;0;0
683;0;0
686;8;0
687;8;0
683;0;0
688;8;0
688;0;0
689;8;0
296;8;0
683;0;0
683;0;0
690;8;0
691;8;0
683;0;0
169;8;0
683;0;0
692;8;0
221;8;0
683;0;0
693;8;0
694;8;0
683;0;0
105;8;0
683;0;0
549;8;0
695;8;0
696;8;0
697;8;0
683;0;0
698;8;0
699;8;0
700;8;0
683;0;0
328;8;0
586;8;0
586;5;1
586;1;2
80;8;0
701;8;0
683;0;0
565;8;0
651;0;0
586;0;0
651;0;0
702;8;0
702;6;1
702;5;2
651;0;0
703;8;0
586;0;0
683;0;0
651;0;0
651;0;0
704;8;0
683;0;0
705;8;0
706;8;0
707;8;0
708;8;0
708;0;0
651;0;0
683;0;0
709;8;0
651;0;0
710;8;0
651;0;0
711;8;0
651;0;0
712;8;0
683;0;0
713;8;0
683;0;0
651;0;0
651;0;0
714;8;0
683;0;0
715;8;0
716;8;0
683;0;0
699;8;0
548;8;0
683;0;0
717;8;0
683;0;0
512;8;0
718;8;0
571;8;0
635;8;0
683;0;0
575;8;0
231;8;0
231;7;1
231;5;2
683;0;0
719;8;0
683;0;0
100;8;0
575;0;0
720;8;0
683;0;0
721;8;0
722;8;0
683;0;0
723;8;0
66;8;0
683;0;0
724;8;0
683;0;0
548;8;0
13;8;0
13;7;1
548;0;0
683;0;0
716;8;0
699;8;0
699;6;1
683;0;0
523;8;0
683;0;0
725;8;0
302;8;0
302;5;1
683;0;0
302;0;0
245;8;0
683;0;0
302;0;0
726;8;0
726;7;1
683;0;0
302;0;0
727;8;0
683;0;0
302;0;0
728;8;0
683;0;0
302;0;0
726;0;0
726;0;0
726;0;0
729;8;0
302;0;0
683;0;0
726;0;0
730;8;0
726;0;0
436;8;0
683;0;0
302;0;0
673;8;0
683;0;0
642;8;0
642;7;1
302;0;0
726;0;0
716;8;0
726;0;0
731;8;0
731;7;1
683;0;0
726;0;0
730;0;0
302;0;0
732;8;0
726;0;0
733;8;0
726;0;0
734;8;0
726;0;0
302;0;0
683;0;0
302;0;0
735;8;0
736;8;0
302;0;0
737;8;0
730;0;0
738;8;0
726;0;0
730;0;0
527;8;0
527;4;1
90;8;0
730;0;0
726;0;0
617;8;0
730;0;0
730;0;0
527;0;0
302;0;0
739;8;0
730;0;0
302;0;0
527;0;0
527;0;0
740;8;0
152;8;0
685;8;0
302;0;0
741;8;0
730;0;0
548;8;0
552;8;0
50;8;0
742;8;0
743;8;0
302;0;0
545;8;0
545;3;1
302;0;0
716;8;0
699;8;0
699;2;1
699;1;2
302;0;0
744;8;0
302;0;0
745;8;0
699;0;0
730;0;0
746;8;0
699;0;0
515;8;0
515;2;1
302;0;0
515;0;0
747;8;0
302;0;0
2;8;0
515;0;0
105;8;0
748;8;0
749;8;0
749;4;1
749;3;2
749;0;0
750;8;0
586;8;0
586;4;1
586;0;0
515;0;0
730;0;0
289;8;0
289;6;1
749;0;0
2;0;0
2;0;0
2;0;0
749;0;0
749;0;0
751;8;0
752;8;0
515;0;0
515;0;0
44;8;0
515;0;0
753;8;0
754;8;0
515;0;0
755;8;0
755;7;1
515;0;0
756;8;0
515;0;0
757;8;0
716;8;0
758;8;0
44;0;0
759;8;0
760;8;0
68;8;0
631;8;0
13;8;0
761;8;0
702;8;0
702;6;1
702;5;2
702;4;3
702;3;4
702;2;5
702;1;6
762;8;0
763;8;0
764;8;0
764;4;1
765;8;0
766;8;0
359;8;0
764;0;0
767;8;0
768;8;0
716;8;0
213;8;0
769;8;0
769;0;0
770;8;0
770;2;1
769;0;0
769;0;0
771;8;0
772;8;0
773;8;0
747;8;0
770;0;0
66;8;0
66;7;1
66;6;2
66;4;3
66;3;4
774;8;0
552;8;0
552;0;0
724;8;0
724;5;1
724;3;2
724;0;0
758;8;0
775;8;0
724;0;0
776;8;0
777;8;0
594;8;0
716;8;0
778;8;0
779;8;0
780;8;0
781;8;0
781;7;1
781;6;2
13;8;0
749;8;0
749;7;1
749;4;2
749;3;3
782;8;0
783;8;0
784;8;0
785;8;0
699;8;0
699;0;0
786;8;0
786;5;1
787;8;0
787;7;1
787;5;2
787;4;3
784;0;0
765;8;0
788;8;0
789;8;0
75;8;0
716;8;0
790;8;0
790;7;1
790;5;2
790;4;3
790;3;4
790;1;5
790;0;0
790;0;0
775;8;0
790;0;0
775;0;0
775;0;0
791;8;0
786;0;0
792;8;0
792;5;1
784;0;0
793;8;0
793;7;1
793;1;2
793;0;0
794;8;0
794;7;1
793;0;0
795;8;0
793;0;0
793;0;0
173;8;0
793;0;0
796;8;0
793;0;0
673;8;0
795;0;0
337;8;0
142;8;0
793;0;0
793;0;0
797;8;0
793;0;0
793;0;0
798;8;0
799;8;0
800;8;0
151;8;0
693;8;0
693;5;1
716;8;0
801;8;0
798;0;0
169;8;0
105;8;0
113;8;0
515;8;0
515;3;1
784;8;0
784;1;1
515;0;0
802;8;0
803;8;0
515;0;0
795;8;0
804;8;0
515;0;0
805;8;0
806;8;0
515;0;0
807;8;0
515;0;0
678;8;0
808;8;0
809;8;0
809;7;1
515;0;0
810;8;0
784;0;0
144;8;0
515;0;0
716;8;0
85;8;0
811;8;0
515;0;0
44;8;0
44;7;1
515;0;0
765;8;0
765;7;1
765;6;2
812;8;0
328;8;0
756;8;0
756;2;1
800;8;0
813;8;0
814;8;0
815;8;0
815;7;1
816;8;0
67;8;0
817;8;0
817;0;0
795;8;0
818;8;0
818;7;1
756;0;0
716;8;0
819;8;0
819;6;1
320;8;0
404;8;0
820;8;0
724;8;0
724;7;1
724;3;2
724;0;0
445;8;0
821;8;0
756;0;0
571;8;0
619;8;0
344;8;0
575;8;0
575;7;1
822;8;0
823;8;0
824;8;0
824;7;1
382;8;0
825;8;0
826;8;0
827;8;0
415;8;0
828;8;0
829;8;0
817;8;0
817;0;0
110;8;0
830;8;0
831;8;0
831;7;1
832;8;0
833;8;0
834;8;0
835;8;0
241;8;0
834;0;0
836;8;0
837;8;0
740;8;0
838;8;0
839;8;0
839;6;1
840;8;0
841;8;0
142;8;0
708;8;0
203;8;0
337;8;0
337;7;1
245;8;0
245;6;1
164;8;0
164;5;1
164;4;2
608;8;0
164;0;0
90;8;0
152;8;0
842;8;0
608;0;0
236;8;0
795;8;0
608;0;0
567;8;0
673;8;0
608;0;0
843;8;0
567;0;0
730;8;0
844;8;0
116;8;0
608;0;0
845;8;0
730;0;0
846;8;0
847;8;0
798;8;0
798;4;1
494;8;0
848;8;0
849;8;0
849;2;1
730;0;0
850;8;0
851;8;0
110;8;0
730;0;0
68;8;0
852;8;0
849;0;0
169;8;0
730;0;0
730;0;0
853;8;0
730;0;0
854;8;0
730;0;0
849;0;0
855;8;0
730;0;0
856;8;0
849;0;0
120;8;0
799;8;0
857;8;0
105;8;0
113;8;0
113;7;1
858;8;0
858;7;1
858;1;2
859;8;0
849;0;0
420;8;0
860;8;0
693;8;0
693;7;1
730;0;0
849;0;0
861;8;0
861;5;1
861;2;2
861;0;0
528;8;0
858;0;0
861;0;0
855;8;0
861;0;0
856;8;0
849;0;0
861;0;0
862;8;0
861;0;0
853;8;0
861;0;0
861;0;0
863;8;0
100;8;0
856;0;0
864;8;0
858;0;0
730;0;0
858;0;0
453;8;0
44;8;0
44;7;1
862;0;0
865;8;0
866;8;0
867;8;0
868;8;0
512;8;0
869;8;0
870;8;0
871;8;0
871;6;1
871;2;2
872;8;0
756;8;0
483;8;0
483;3;1
871;0;0
873;8;0
871;0;0
856;8;0
856;0;0
874;8;0
871;0;0
313;8;0
875;8;0
756;0;0
125;8;0
871;0;0
299;8;0
876;8;0
756;0;0
144;8;0
877;8;0
855;8;0
192;8;0
756;0;0
787;8;0
787;5;1
787;4;2
878;8;0
500;8;0
703;8;0
879;8;0
724;8;0
724;4;1
724;2;2
24;8;0
880;8;0
881;8;0
881;3;1
881;2;2
856;8;0
404;8;0
404;1;1
882;8;0
594;8;0
756;0;0
52;8;0
883;8;0
549;8;0
855;8;0
884;8;0
885;8;0
855;0;0
886;8;0
886;7;1
887;8;0
142;8;0
142;7;1
856;8;0
609;8;0
882;8;0
886;0;0
888;8;0
886;0;0
380;8;0
380;7;1
856;0;0
853;8;0
889;8;0
890;8;0
114;8;0
882;0;0
882;0;0
337;8;0
891;8;0
114;0;0
394;8;0
422;8;0
170;8;0
892;8;0
882;0;0
337;0;0
710;8;0
710;6;1
710;5;2
710;4;3
848;8;0
893;8;0
894;8;0
895;8;0
896;8;0
798;8;0
421;8;0
421;6;1
421;5;2
897;8;0
898;8;0
258;8;0
897;0;0
899;8;0
900;8;0
901;8;0
902;8;0
328;8;0
903;8;0
904;8;0
549;8;0
905;8;0
905;7;1
906;8;0
746;8;0
18;8;0
907;8;0
908;8;0
909;8;0
910;8;0
871;8;0
871;4;1
571;8;0
871;0;0
911;8;0
740;8;0
907;0;0
912;8;0
482;8;0
482;6;1
482;3;2
907;0;0
136;8;0
871;0;0
871;0;0
756;8;0
871;0;0
897;8;0
756;0;0
913;8;0
871;0;0
914;8;0
756;0;0
915;8;0
916;8;0
871;0;0
917;8;0
871;0;0
871;0;0
24;8;0
918;8;0
919;8;0
426;8;0
192;8;0
192;7;1
393;8;0
920;8;0
907;0;0
510;8;0
510;6;1
871;0;0
838;8;0
838;4;1
838;3;2
787;8;0
787;7;1
907;0;0
921;8;0
115;8;0
922;8;0
897;8;0
923;8;0
277;8;0
924;8;0
220;8;0
594;8;0
882;8;0
925;8;0
926;8;0
18;8;0
927;8;0
123;8;0
928;8;0
928;7;1
928;6;2
928;1;3
928;0;0
928;0;0
882;0;0
929;8;0
928;0;0
240;8;0
882;0;0
337;8;0
930;8;0
928;0;0
928;0;0
882;0;0
928;0;0
882;0;0
337;0;0
928;0;0
912;8;0
928;0;0
928;0;0
928;0;0
931;8;0
549;8;0
928;0;0
90;8;0
90;6;1
932;8;0
933;8;0
934;8;0
935;8;0
896;8;0
896;7;1
896;6;2
896;0;0
574;8;0
936;8;0
937;8;0
937;7;1
938;8;0
939;8;0
940;8;0
897;8;0
102;8;0
446;8;0
941;8;0
942;8;0
942;7;1
943;8;0
944;8;0
421;8;0
421;7;1
421;6;2
421;5;3
421;4;4
421;2;5
421;1;6
421;0;0
421;0;0
945;8;0
946;8;0
947;8;0
931;8;0
95;8;0
948;8;0
949;8;0
950;8;0
950;7;1
907;8;0
951;8;0
952;8;0
231;8;0
231;7;1
953;8;0
954;8;0
245;8;0
955;8;0
100;8;0
956;8;0
263;8;0
957;8;0
848;8;0
931;8;0
693;8;0
693;3;1
693;2;2
693;1;3
693;0;0
958;8;0
959;8;0
960;8;0
811;8;0
961;8;0
907;8;0
886;8;0
886;7;1
770;8;0
740;8;0
897;8;0
567;8;0
567;7;1
962;8;0
963;8;0
964;8;0
965;8;0
966;8;0
967;8;0
968;8;0
968;7;1
931;8;0
958;8;0
85;8;0
969;8;0
969;7;1
969;4;2
969;1;3
970;8;0
971;8;0
971;6;1
971;5;2
972;8;0
972;5;1
972;0;0
973;8;0
683;8;0
683;6;1
683;4;2
683;0;0
974;8;0
974;2;1
683;0;0
975;8;0
976;8;0
976;2;1
683;0;0
929;8;0
683;0;0
894;8;0
976;0;0
974;0;0
974;0;0
977;8;0
683;0;0
978;8;0
979;8;0
683;0;0
772;8;0
976;0;0
886;8;0
886;5;1
683;0;0
787;8;0
787;7;1
787;0;0
116;8;0
787;0;0
683;0;0
975;8;0
683;0;0
980;8;0
426;8;0
683;0;0
981;8;0
982;8;0
983;8;0
984;8;0
985;8;0
985;7;1
985;5;2
985;4;3
683;0;0
986;8;0
986;7;1
683;0;0
987;8;0
738;8;0
738;2;1
988;8;0
989;8;0
683;0;0
740;8;0
990;8;0
975;8;0
975;7;1
975;6;2
683;0;0
683;0;0
991;8;0
683;0;0
992;8;0
993;8;0
557;8;0
683;0;0
994;8;0
995;8;0
129;8;0
129;4;1
996;8;0
159;8;0
683;0;0
997;8;0
154;8;0
837;8;0
998;8;0
683;0;0
999;8;0
1000;8;0
991;8;0
991;0;0
332;8;0
683;0;0
1001;8;0
114;8;0
683;0;0
52;8;0
1002;8;0
1003;8;0
683;0;0
1004;8;0
683;0;0
1005;8;0
1005;7;1
683;0;0
1006;8;0
1007;8;0
886;8;0
886;7;1
683;0;0
1008;8;0
1009;8;0
683;0;0
1010;8;0
1011;8;0
937;8;0
683;0;0
1012;8;0
604;8;0
102;8;0
683;0;0
683;0;0
1013;8;0
1014;8;0
1015;8;0
1016;8;0
421;8;0
683;0;0
683;0;0
958;8;0
958;4;1
921;8;0
1017;8;0
1018;8;0
683;0;0
1019;8;0
1016;0;0
683;0;0
847;8;0
1020;8;0
1021;8;0
1008;8;0
683;0;0
1022;8;0
1023;8;0
1023;3;1
1023;2;2
683;0;0
1024;8;0
683;0;0
1025;8;0
1025;3;1
1025;0;0
1026;8;0
683;0;0
1025;0;0
1027;8;0
1027;7;1
683;0;0
929;8;0
938;8;0
1025;0;0
1028;8;0
683;0;0
1029;8;0
338;8;0
1025;0;0
1025;0;0
849;8;0
849;3;1
1030;8;0
1030;7;1
683;0;0
1031;8;0
683;0;0
1032;8;0
683;0;0
1033;8;0
1034;8;0
1034;7;1
1034;6;2
1034;5;3
1035;8;0
1035;0;0
636;8;0
911;8;0
1036;8;0
849;0;0
1037;8;0
1038;8;0
849;0;0
50;8;0
1039;8;0
61;8;0
1040;8;0
1041;8;0
849;0;0
849;0;0
1042;8;0
1043;8;0
1044;8;0
571;8;0
849;0;0
1045;8;0
1046;8;0
849;0;0
1047;8;0
1048;8;0
1048;7;1
738;8;0
1049;8;0
1050;8;0
192;8;0
894;8;0
524;8;0
455;8;0
455;2;1
1051;8;0
1051;7;1
1052;8;0
501;8;0
1053;8;0
1054;8;0
143;8;0
143;6;1
455;0;0
897;8;0
994;8;0
1055;8;0
1056;8;0
1056;7;1
185;8;0
1057;8;0
787;8;0
787;7;1
787;6;2
787;5;3
455;0;0
994;0;0
1058;8;0
213;8;0
455;0;0
1059;8;0
1060;8;0
1061;8;0
1061;4;1
1061;0;0
1050;8;0
1050;5;1
1061;0;0
1062;8;0
1061;0;0
524;8;0
524;7;1
524;6;2
1061;0;0
500;8;0
1004;8;0
1063;8;0
1061;0;0
1064;8;0
1061;0;0
414;8;0
1061;0;0
1065;8;0
1061;0;0
1066;8;0
414;0;0
1067;8;0
414;0;0
1061;0;0
332;8;0
332;5;1
1061;0;0
1061;0;0
1063;0;0
510;8;0
1068;8;0
1069;8;0
236;8;0
897;8;0
1056;8;0
320;8;0
476;8;0
221;8;0
221;5;1
221;4;2
221;3;3
1070;8;0
1070;3;1
536;8;0
1071;8;0
1072;8;0
1073;8;0
75;8;0
1074;8;0
1075;8;0
469;8;0
738;8;0
1076;8;0
103;8;0
839;8;0
839;7;1
228;8;0
1077;8;0
1005;8;0
1078;8;0
931;8;0
896;8;0
896;7;1
931;0;0
1079;8;0
926;8;0
897;8;0
417;8;0
931;0;0
1080;8;0
482;8;0
1081;8;0
421;8;0
421;4;1
421;3;2
421;2;3
421;1;4
100;8;0
482;0;0
1082;8;0
897;0;0
482;0;0
1083;8;0
421;0;0
421;0;0
421;0;0
1084;8;0
963;8;0
689;8;0
963;0;0
1017;8;0
963;0;0
1085;8;0
258;8;0
368;8;0
1008;8;0
1077;8;0
1077;4;1
91;8;0
963;0;0
1086;8;0
1086;6;1
963;0;0
1087;8;0
963;0;0
1027;8;0
1027;7;1
963;0;0
1064;8;0
1088;8;0
963;0;0
929;8;0
963;0;0
1089;8;0
1090;8;0
996;8;0
460;8;0
460;7;1
963;0;0
963;0;0
114;8;0
1091;8;0
963;0;0
80;8;0
1068;8;0
1092;8;0
963;0;0
1093;8;0
113;8;0
963;0;0
1094;8;0
963;0;0
1095;8;0
694;8;0
694;6;1
965;8;0
911;8;0
116;8;0
125;8;0
1096;8;0
1097;8;0
1098;8;0
1099;8;0
185;8;0
1065;8;0
1100;8;0
1101;8;0
192;8;0
192;7;1
1102;8;0
1049;8;0
103;8;0
1103;8;0
1104;8;0
787;8;0
787;7;1
787;6;2
1065;0;0
1105;8;0
1106;8;0
923;8;0
1107;8;0
1108;8;0
658;8;0
1109;8;0
894;8;0
151;8;0
1110;8;0
1111;8;0
1112;8;0
1068;8;0
1038;8;0
1038;7;1
245;8;0
1113;8;0
406;8;0
332;8;0
332;4;1
332;3;2
1114;8;0
1114;3;1
1114;1;2
1115;8;0
821;8;0
821;0;0
821;0;0
1114;0;0
1116;8;0
738;8;0
52;8;0
1117;8;0
1117;3;1
1114;0;0
1114;0;0
228;8;0
1114;0;0
1118;8;0
915;8;0
859;8;0
1119;8;0
1114;0;0
1114;0;0
586;8;0
586;4;1
110;8;0
1120;8;0
1121;8;0
1117;0;0
1122;8;0
1123;8;0
1117;0;0
1124;8;0
1125;8;0
1126;8;0
110;0;0
1127;8;0
1128;8;0
757;8;0
1129;8;0
1129;7;1
1127;0;0
214;8;0
214;7;1
214;6;2
214;5;3
214;4;4
214;3;5
214;0;0
214;0;0
214;0;0
214;0;0
1130;8;0
1131;8;0
838;8;0
1132;8;0
1132;6;1
1133;8;0
1133;2;1
1133;0;0
1134;8;0
839;8;0
1135;8;0
52;8;0
882;8;0
1136;8;0
882;0;0
650;8;0
1137;8;0
1068;8;0
1068;7;1
1127;8;0
882;0;0
105;8;0
197;8;0
30;8;0
1138;8;0
1091;8;0
1091;7;1
1127;0;0
16;8;0
1139;8;0
1140;8;0
1141;8;0
1141;6;1
157;8;0
1142;8;0
1142;2;1
1127;0;0
1143;8;0
1142;0;0
1144;8;0
85;8;0
1145;8;0
289;8;0
289;7;1
1142;0;0
1142;0;0
1146;8;0
1147;8;0
1129;8;0
1129;7;1
1129;5;2
1142;0;0
1148;8;0
1142;0;0
1149;8;0
911;8;0
1150;8;0
1151;8;0
1142;0;0
1152;8;0
154;8;0
1142;0;0
1153;8;0
1154;8;0
1142;0;0
328;8;0
1155;8;0
1156;8;0
1157;8;0
1142;0;0
1158;8;0
806;8;0
1159;8;0
1160;8;0
1142;0;0
1161;8;0
1162;8;0
1068;8;0
192;8;0
192;7;1
192;6;2
1142;0;0
1142;0;0
1163;8;0
346;8;0
1164;8;0
1165;8;0
1142;0;0
114;8;0
571;8;0
1154;8;0
1142;0;0
415;8;0
228;8;0
99;8;0
1166;8;0
622;8;0
1142;0;0
848;8;0
1142;0;0
787;8;0
787;7;1
1117;8;0
1117;7;1
1142;0;0
898;8;0
1167;8;0
1167;2;1
1167;1;2
1168;8;0
1168;7;1
1142;0;0
1141;8;0
1166;0;0
1142;0;0
1169;8;0
1169;5;1
1142;0;0
1169;0;0
1104;8;0
1142;0;0
1170;8;0
1170;6;1
1169;0;0
1142;0;0
1171;8;0
1142;0;0
586;8;0
586;2;1
1169;0;0
1172;8;0
1142;0;0
332;8;0
1142;0;0
1173;8;0
1174;8;0
1175;8;0
1176;8;0
1176;6;1
1176;5;2
1142;0;0
1177;8;0
1175;0;0
1169;0;0
706;8;0
1175;0;0
1178;8;0
1178;7;1
1142;0;0
1175;0;0
1179;8;0
1169;0;0
1180;8;0
1142;0;0
1181;8;0
1182;8;0
1183;8;0
1126;8;0
1183;0;0
1005;8;0
1005;7;1
1005;6;2
1005;5;3
1005;4;4
1142;0;0
1184;8;0
138;8;0
214;8;0
214;6;1
1142;0;0
1169;0;0
214;0;0
344;8;0
1185;8;0
1142;0;0
632;8;0
632;7;1
632;6;2
1142;0;0
1169;0;0
1186;8;0
1184;0;0
1187;8;0
950;8;0
950;5;1
470;8;0
1169;0;0
1038;8;0
1188;8;0
1189;8;0
1190;8;0
848;8;0
629;8;0
1191;8;0
1192;8;0
1099;8;0
1193;8;0
1017;8;0
1171;8;0
1194;8;0
1195;8;0
1196;8;0
1197;8;0
1097;8;0
1097;7;1
1091;8;0
1091;7;1
1091;6;2
68;8;0
1198;8;0
1198;6;1
245;8;0
1199;8;0
1199;2;1
1200;8;0
1200;5;1
1200;4;2
1199;0;0
1201;8;0
1200;0;0
105;8;0
1200;0;0
1199;0;0
1202;8;0
241;8;0
1199;0;0
1199;0;0
965;8;0
965;7;1
1203;8;0
1141;8;0
1199;0;0
1204;8;0
1055;8;0
228;8;0
1199;0;0
100;8;0
688;8;0
1205;8;0
667;8;0
1206;8;0
1206;7;1
1206;5;2
1206;3;3
1206;1;4
1199;0;0
1206;0;0
911;8;0
1206;0;0
1206;0;0
1207;8;0
1206;0;0
1206;0;0
1206;0;0
1208;8;0
1206;0;0
1209;8;0
1206;0;0
1206;0;0
1210;8;0
1206;0;0
1191;8;0
1211;8;0
1206;0;0
1106;8;0
1206;0;0
287;8;0
1206;0;0
1212;8;0
1212;5;1
1212;2;2
1206;0;0
317;8;0
1213;8;0
1206;0;0
1206;0;0
1206;0;0
1214;8;0
1214;7;1
986;8;0
986;7;1
122;8;0
122;3;1
404;8;0
52;8;0
807;8;0
738;8;0
192;8;0
192;7;1
192;6;2
1096;8;0
1215;8;0
787;8;0
787;7;1
787;6;2
787;5;3
787;4;4
1051;8;0
236;8;0
1216;8;0
923;8;0
1217;8;0
1218;8;0
470;8;0
1141;8;0
1219;8;0
114;8;0
586;8;0
586;7;1
586;6;2
586;0;0
1152;8;0
1219;0;0
1220;8;0
1134;8;0
1221;8;0
1221;7;1
586;0;0
838;8;0
838;4;1
838;3;2
655;8;0
1222;8;0
1222;3;1
1222;0;0
1222;0;0
1212;8;0
1212;7;1
1212;4;2
1221;0;0
1221;0;0
1210;8;0
1212;0;0
1222;0;0
420;8;0
1212;0;0
1222;0;0
1222;0;0
1221;0;0
1223;8;0
1222;0;0
1224;8;0
173;8;0
1222;0;0
1191;8;0
927;8;0
1221;0;0
1132;8;0
1225;8;0
296;8;0
1226;8;0
1221;0;0
33;8;0
404;8;0
1005;8;0
1005;7;1
1005;6;2
84;8;0
1227;8;0
168;8;0
168;6;1
1221;0;0
116;8;0
757;8;0
222;8;0
1221;0;0
1228;8;0
1228;7;1
1221;0;0
1229;8;0
1230;8;0
1231;8;0
168;0;0
1210;8;0
168;0;0
168;0;0
692;8;0
1047;8;0
1232;8;0
1233;8;0
1233;4;1
1233;2;2
1228;0;0
1233;0;0
301;8;0
1233;0;0
1022;8;0
213;8;0
1234;8;0
1234;7;1
1234;2;2
1234;1;3
1233;0;0
1235;8;0
1236;8;0
1237;8;0
1233;0;0
453;8;0
201;8;0
1238;8;0
1091;8;0
1233;0;0
1239;8;0
1239;3;1
1239;2;2
1240;8;0
1239;0;0
1119;8;0
164;8;0
1239;0;0
1234;0;0
100;8;0
1239;0;0
1241;8;0
1242;8;0
1242;0;0
1243;8;0
1243;5;1
1243;0;0
1242;0;0
1244;8;0
1239;0;0
621;8;0
1244;0;0
1191;8;0
1239;0;0
1243;0;0
274;8;0
1243;0;0
1178;8;0
1239;0;0
1142;8;0
1142;2;1
1142;0;0
1245;8;0
1245;7;1
1239;0;0
1142;0;0
1234;0;0
1234;0;0
1142;0;0
1246;8;0
1247;8;0
1247;7;1
1142;0;0
274;0;0
274;0;0
1142;0;0
157;8;0
1234;0;0
1248;8;0
1234;0;0
465;8;0
1249;8;0
1234;0;0
1250;8;0
940;8;0
1250;0;0
1251;8;0
596;8;0
571;8;0
1252;8;0
1212;8;0
1212;7;1
1242;8;0
1242;6;1
1242;5;2
1242;2;3
1253;8;0
1254;8;0
1254;7;1
1242;0;0
1242;0;0
1242;0;0
1051;8;0
1051;7;1
477;8;0
477;6;1
1255;8;0
1254;0;0
640;8;0
1256;8;0
192;8;0
1212;0;0
245;8;0
1176;8;0
1176;5;1
1176;4;2
1176;3;3
1176;0;0
586;8;0
1257;8;0
586;0;0
1212;0;0
586;0;0
1258;8;0
1212;0;0
1234;8;0
1234;7;1
1234;1;2
586;0;0
1250;8;0
1234;0;0
1234;0;0
320;8;0
1259;8;0
1250;0;0
1076;8;0
1210;8;0
509;8;0
1260;8;0
1234;0;0
1261;8;0
1261;4;1
1261;3;2
1234;0;0
1262;8;0
1191;8;0
1234;0;0
1263;8;0
1263;4;1
1263;2;2
1263;0;0
1263;0;0
1263;0;0
1264;8;0
1265;8;0
1263;0;0
1263;0;0
1266;8;0
1267;8;0
1267;7;1
1263;0;0
68;8;0
1263;0;0
301;8;0
1263;0;0
1268;8;0
1269;8;0
1234;0;0
1270;8;0
1234;0;0
1263;0;0
1271;8;0
1263;0;0
1272;8;0
1272;7;1
1272;0;0
85;8;0
1273;8;0
1274;8;0
1274;0;0
1275;8;0
1276;8;0
1005;8;0
1005;7;1
1228;8;0
809;8;0
1277;8;0
1278;8;0
1278;7;1
1279;8;0
1279;6;1
1279;4;2
1279;1;3
185;8;0
1279;0;0
1280;8;0
1121;8;0
1279;0;0
338;8;0
1279;0;0
214;8;0
214;0;0
1281;8;0
214;0;0
214;0;0
1282;8;0
1279;0;0
1268;8;0
1279;0;0
1279;0;0
1283;8;0
214;0;0
214;0;0
214;0;0
214;0;0
214;0;0
1279;0;0
1284;8;0
1285;8;0
1279;0;0
1286;8;0
1279;0;0
1287;8;0
1279;0;0
1279;0;0
301;8;0
125;8;0
1288;8;0
1279;0;0
1289;8;0
1290;8;0
1291;8;0
1279;0;0
1292;8;0
1279;0;0
641;8;0
1279;0;0
1293;8;0
1194;8;0
292;8;0
1294;8;0
558;8;0
56;8;0
1004;8;0
116;8;0
1295;8;0
1296;8;0
915;8;0
1191;8;0
105;8;0
105;7;1
1004;0;0
1297;8;0
1297;3;1
1289;8;0
1297;0;0
346;8;0
1245;8;0
1298;8;0
1297;0;0
1297;0;0
114;8;0
1257;8;0
1257;0;0
1257;0;0
301;8;0
1299;8;0
1257;0;0
18;8;0
1096;8;0
115;8;0
66;8;0
1300;8;0
1300;6;1
1250;8;0
1250;3;1
1301;8;0
1302;8;0
1289;8;0
278;8;0
911;8;0
1303;8;0
154;8;0
1304;8;0
907;8;0
1276;8;0
1276;3;1
1305;8;0
1191;8;0
1306;8;0
1307;8;0
1308;8;0
787;8;0
787;7;1
787;6;2
787;5;3
123;8;0
1097;8;0
291;8;0
1309;8;0
1309;2;1
1309;0;0
1257;8;0
1257;7;1
1257;4;2
1309;0;0
1310;8;0
1289;8;0
1311;8;0
1312;8;0
424;8;0
1313;8;0
1313;3;1
738;8;0
1309;0;0
301;8;0
1313;0;0
1314;8;0
277;8;0
1313;0;0
405;8;0
301;0;0
1315;8;0
1316;8;0
1313;0;0
1317;8;0
1318;8;0
1318;0;0
1257;0;0
1319;8;0
301;0;0
370;8;0
1320;8;0
1320;2;1
1320;1;2
986;8;0
986;7;1
1320;0;0
1320;0;0
210;8;0
1289;8;0
1100;8;0
1320;0;0
50;8;0
1321;8;0
301;0;0
151;8;0
1322;8;0
1323;8;0
1323;5;1
1324;8;0
1320;0;0
1325;8;0
1325;7;1
773;8;0
1326;8;0
1326;1;1
1327;8;0
1325;0;0
1328;8;0
1325;0;0
1329;8;0
52;8;0
1330;8;0
1191;8;0
1331;8;0
568;8;0
947;8;0
2;8;0
2;7;1
1332;8;0
301;8;0
1228;8;0
1228;7;1
1333;8;0
1333;2;1
1289;8;0
1285;8;0
1285;6;1
1285;5;2
1285;3;3
1334;8;0
1285;0;0
2;0;0
1335;8;0
1335;7;1
1276;8;0
1276;3;1
357;8;0
357;3;1
357;2;2
1336;8;0
738;8;0
1337;8;0
679;8;0
52;8;0
1338;8;0
1339;8;0
105;8;0
105;6;1
1004;8;0
1245;8;0
1245;7;1
1245;6;2
1289;8;0
1340;8;0
715;8;0
1341;8;0
1342;8;0
1343;8;0
1344;8;0
1345;8;0
348;8;0
1346;8;0
142;8;0
1347;8;0
1348;8;0
1191;8;0
1163;8;0
1349;8;0
1350;8;0
1102;8;0
510;8;0
1351;8;0
1351;7;1
1351;5;2
1351;3;3
1351;1;4
1351;0;0
571;8;0
1352;8;0
1352;6;1
1351;0;0
1353;8;0
1354;8;0
1354;7;1
1354;6;2
1354;4;3
1354;3;4
1351;0;0
1351;0;0
1355;8;0
236;8;0
1351;0;0
727;8;0
1027;8;0
1027;7;1
1351;0;0
1351;0;0
1356;8;0
1351;0;0
738;8;0
1351;0;0
1351;0;0
1357;8;0
1348;8;0
1348;3;1
1348;2;2
1358;8;0
1351;0;0
1359;8;0
1360;8;0
1360;4;1
1360;1;2
1361;8;0
1362;8;0
1351;0;0
1363;8;0
1351;0;0
258;8;0
1351;0;0
1360;0;0
1364;8;0
1360;0;0
391;8;0
1348;0;0
1348;0;0
1365;8;0
1360;0;0
114;8;0
1360;0;0
1348;0;0
1348;0;0
1348;0;0
100;8;0
302;8;0
302;5;1
302;3;2
302;2;3
302;0;0
302;0;0
302;0;0
316;8;0
302;0;0
1191;8;0
302;0;0
427;8;0
302;0;0
416;8;0
982;8;0
302;0;0
245;8;0
1366;8;0
302;0;0
1265;8;0
1367;8;0
622;8;0
302;0;0
1368;8;0
1369;8;0
302;0;0
1370;8;0
1228;8;0
1256;8;0
1371;8;0
1371;7;1
1371;1;2
302;0;0
120;8;0
821;8;0
821;7;1
821;3;2
1285;8;0
1096;8;0
214;8;0
214;7;1
214;6;2
214;5;3
214;3;4
214;2;5
214;1;6
302;0;0
738;8;0
214;0;0
302;0;0
214;0;0
214;0;0
907;8;0
1372;8;0
1372;7;1
214;0;0
214;0;0
214;0;0
302;0;0
214;0;0
214;0;0
1373;8;0
214;0;0
1374;8;0
1372;0;0
1372;0;0
302;0;0
214;0;0
1372;0;0
214;0;0
1375;8;0
1375;1;1
1376;8;0
1377;8;0
1372;0;0
1372;0;0
1372;0;0
1372;0;0
302;0;0
1375;0;0
408;8;0
1372;0;0
1228;8;0
1377;0;0
1375;0;0
302;0;0
1377;0;0
975;8;0
1377;0;0
1324;8;0
302;0;0
1378;8;0
1379;8;0
1380;8;0
1381;8;0
302;0;0
1364;8;0
1364;7;1
1364;6;2
1364;5;3
1372;0;0
1341;8;0
1341;7;1
1372;0;0
302;0;0
16;8;0
1142;8;0
1372;0;0
1382;8;0
1382;6;1
1382;2;2
1372;0;0
1142;0;0
1382;0;0
1383;8;0
1382;0;0
1372;0;0
1359;8;0
1372;0;0
1372;0;0
1382;0;0
1373;8;0
302;0;0
1382;0;0
1384;8;0
1382;0;0
1288;8;0
1372;0;0
1382;0;0
1372;0;0
1382;0;0
1191;8;0
1382;0;0
1385;8;0
302;0;0
1379;8;0
1379;1;1
302;0;0
1372;0;0
1386;8;0
1372;0;0
302;0;0
1387;8;0
1388;8;0
1322;8;0
1372;0;0
1367;8;0
428;8;0
1372;0;0
302;0;0
1139;8;0
1139;7;1
1372;0;0
1372;0;0
1245;8;0
1245;7;1
1372;0;0
1372;0;0
1085;8;0
302;0;0
1372;0;0
1389;8;0
1390;8;0
302;0;0
545;8;0
302;0;0
1391;8;0
1392;8;0
1393;8;0
302;0;0
1373;8;0
156;8;0
105;8;0
1372;0;0
245;8;0
1372;0;0
727;8;0
302;0;0
417;8;0
1372;0;0
907;8;0
1392;0;0
1359;8;0
1372;0;0
1394;8;0
302;0;0
1372;0;0
1395;8;0
302;0;0
1096;8;0
1096;0;0
1396;8;0
302;0;0
1397;8;0
1096;0;0
444;8;0
1372;0;0
1398;8;0
302;0;0
1372;0;0
1372;0;0
1399;8;0
738;8;0
302;0;0
1372;0;0
1372;0;0
426;8;0
1400;8;0
1401;8;0
302;0;0
1402;8;0
1402;0;0
302;0;0
16;8;0
1402;0;0
1403;8;0
1403;7;1
302;0;0
1404;8;0
1404;6;1
1404;0;0
302;0;0
1404;0;0
1405;8;0
302;0;0
1406;8;0
213;8;0
302;0;0
471;8;0
1152;8;0
1404;0;0
1407;8;0
1408;8;0
1272;8;0
1404;0;0
203;8;0
1409;8;0
1410;8;0
1411;8;0
1412;8;0
1413;8;0
1384;8;0
1373;8;0
221;8;0
1404;0;0
1414;8;0
1414;7;1
1414;5;2
1414;4;3
1414;0;0
1415;8;0
221;0;0
1416;8;0
221;0;0
1417;8;0
1414;0;0
1404;0;0
1414;0;0
142;8;0
142;7;1
142;6;2
1414;0;0
1404;0;0
559;8;0
1113;8;0
1113;7;1
1404;0;0
1418;8;0
1418;4;1
1419;8;0
263;8;0
1418;0;0
52;8;0
1418;0;0
1404;0;0
1420;8;0
1421;8;0
1422;8;0
1404;0;0
1038;8;0
1418;0;0
1404;0;0
1418;0;0
1225;8;0
1418;0;0
1423;8;0
1423;7;1
1418;0;0
1404;0;0
1424;8;0
1418;0;0
1404;0;0
1423;0;0
1423;0;0
1409;8;0
745;8;0
1425;8;0
1426;8;0
907;8;0
1423;0;0
1275;8;0
1275;7;1
1275;6;2
1022;8;0
1427;8;0
1412;8;0
85;8;0
1412;0;0
1423;0;0
480;8;0
1423;0;0
1391;8;0
1404;0;0
1191;8;0
855;8;0
1428;8;0
477;8;0
1404;0;0
1404;0;0
214;8;0
214;7;1
214;6;2
214;5;3
1423;0;0
1423;0;0
1404;0;0
1429;8;0
1430;8;0
1404;0;0
1423;0;0
1431;8;0
1431;6;1
1431;5;2
1404;0;0
476;8;0
476;4;1
1404;0;0
1404;0;0
1404;0;0
1380;8;0
1404;0;0
806;8;0
1432;8;0
1433;8;0
1434;8;0
100;8;0
1435;8;0
1436;8;0
1437;8;0
1438;8;0
734;8;0
1439;8;0
1440;8;0
1436;0;0
1441;8;0
1441;7;1
1441;4;2
1441;3;3
685;8;0
1439;0;0
1442;8;0
1441;0;0
571;8;0
1441;0;0
1443;8;0
1441;0;0
491;8;0
1441;0;0
1436;0;0
1444;8;0
1436;0;0
476;8;0
1436;0;0
1436;0;0
1445;8;0
1446;8;0
1447;8;0
734;8;0
1444;0;0
1448;8;0
1444;0;0
1004;8;0
1449;8;0
1191;8;0
1312;8;0
1450;8;0
125;8;0
1451;8;0
1452;8;0
180;8;0
1397;8;0
1397;7;1
1399;8;0
1453;8;0
1454;8;0
1102;8;0
1455;8;0
52;8;0
52;5;1
1456;8;0
1457;8;0
157;8;0
60;8;0
1458;8;0
1430;8;0
1027;8;0
1027;7;1
158;8;0
1459;8;0
515;8;0
515;1;1
1460;8;0
1215;8;0
915;8;0
515;0;0
1461;8;0
1461;7;1
1461;6;2
1461;2;3
1461;0;0
1106;8;0
1106;7;1
515;0;0
1461;0;0
1462;8;0
1461;0;0
1463;8;0
1464;8;0
1461;0;0
1461;0;0
1465;8;0
1466;8;0
1466;5;1
515;0;0
1461;0;0
16;8;0
515;0;0
515;0;0
1467;8;0
654;8;0
515;0;0
1460;8;0
1460;7;1
426;8;0
116;8;0
515;0;0
52;8;0
821;8;0
1460;0;0
1460;0;0
1468;8;0
515;0;0
1469;8;0
1470;8;0
1460;0;0
1421;8;0
515;0;0
1468;0;0
1471;8;0
515;0;0
515;0;0
515;0;0
1472;8;0
515;0;0
515;0;0
1191;8;0
1473;8;0
1474;8;0
515;0;0
1225;8;0
890;8;0
515;0;0
1475;8;0
515;0;0
328;8;0
613;8;0
1228;8;0
1476;8;0
515;0;0
515;0;0
1477;8;0
515;0;0
214;8;0
214;7;1
214;6;2
214;5;3
515;0;0
1430;8;0
1478;8;0
515;0;0
313;8;0
515;0;0
79;8;0
1228;0;0
1479;8;0
1380;8;0
1480;8;0
415;8;0
1481;8;0
1482;8;0
555;8;0
1483;8;0
1484;8;0
1485;8;0
1486;8;0
280;8;0
280;5;1
280;4;2
1487;8;0
1487;2;1
344;8;0
52;8;0
685;8;0
1289;8;0
1488;8;0
80;8;0
105;8;0
1489;8;0
1490;8;0
1491;8;0
1245;8;0
1191;8;0
1492;8;0
1114;8;0
1114;5;1
1114;0;0
91;8;0
1114;0;0
1493;8;0
1114;0;0
1114;0;0
1494;8;0
1494;7;1
1495;8;0
1495;7;1
1495;2;2
1114;0;0
1114;0;0
1114;0;0
1114;0;0
1114;0;0
1495;0;0
1496;8;0
1114;0;0
1495;0;0
1114;0;0
1496;0;0
1114;0;0
1114;0;0
1053;8;0
1495;0;0
1495;0;0
1495;0;0
1496;0;0
1495;0;0
1393;8;0
1496;0;0
1497;8;0
1409;8;0
1388;8;0
1004;8;0
1498;8;0
1496;0;0
986;8;0
1430;8;0
68;8;0
1496;0;0
1499;8;0
1412;8;0
1358;8;0
1500;8;0
1496;0;0
1495;0;0
1285;8;0
1495;0;0
1312;8;0
1496;0;0
1495;0;0
1501;8;0
1495;0;0
110;8;0
1495;0;0
545;8;0
1317;8;0
1486;8;0
1502;8;0
97;8;0
193;8;0
1503;8;0
1504;8;0
986;0;0
129;8;0
129;4;1
129;2;2
129;0;0
1028;8;0
193;0;0
52;8;0
1409;8;0
1505;8;0
406;8;0
1506;8;0
1507;8;0
1508;8;0
1412;8;0
1508;0;0
763;8;0
1195;8;0
1509;8;0
1509;7;1
193;0;0
1191;8;0
1510;8;0
1511;8;0
1508;0;0
890;8;0
1508;0;0
1512;8;0
1430;8;0
66;8;0
1513;8;0
1491;8;0
1491;5;1
1491;4;2
1491;2;3
1491;0;0
1491;0;0
1491;0;0
1412;8;0
583;8;0
1491;0;0
1514;8;0
1108;8;0
100;8;0
1334;8;0
1515;8;0
1516;8;0
1516;7;1
1516;6;2
1516;1;3
1516;0;0
602;8;0
1517;8;0
1518;8;0
772;8;0
1519;8;0
1516;0;0
1520;8;0
1322;8;0
1275;8;0
1275;7;1
1275;6;2
1275;5;3
1275;4;4
1521;8;0
1228;8;0
116;8;0
1366;8;0
1522;8;0
1202;8;0
303;8;0
1523;8;0
52;8;0
1524;8;0
825;8;0
1525;8;0
1526;8;0
1527;8;0
1528;8;0
1449;8;0
1191;8;0
1529;8;0
1380;8;0
214;8;0
393;8;0
95;8;0
813;8;0
926;8;0
1530;8;0
1523;8;0
926;0;0
1531;8;0
1531;4;1
1341;8;0
1341;7;1
1341;6;2
1341;4;3
1341;3;4
1430;8;0
1530;0;0
1532;8;0
1530;0;0
1533;8;0
236;8;0
1006;8;0
685;8;0
1534;8;0
1535;8;0
1529;8;0
1529;2;1
1536;8;0
1537;8;0
1538;8;0
1510;8;0
1539;8;0
1540;8;0
52;8;0
1541;8;0
317;8;0
240;8;0
1245;8;0
1245;7;1
1245;5;2
1542;8;0
805;8;0
1543;8;0
1544;8;0
1545;8;0
1102;8;0
1470;8;0
1546;8;0
1499;8;0
1547;8;0
1548;8;0
24;8;0
1549;8;0
1399;8;0
1496;8;0
1496;5;1
1496;0;0
1430;8;0
1496;0;0
1191;8;0
1404;8;0
1404;2;1
1550;8;0
926;8;0
1404;0;0
652;8;0
404;8;0
26;8;0
1404;0;0
1448;8;0
1551;8;0
1551;6;1
1551;4;2
1552;8;0
1404;0;0
1553;8;0
1551;0;0
1554;8;0
1468;8;0
644;8;0
1551;0;0
1555;8;0
1556;8;0
1404;0;0
1557;8;0
1558;8;0
1558;5;1
1559;8;0
1551;0;0
1558;0;0
1161;8;0
1551;0;0
1560;8;0
1558;0;0
1561;8;0
1558;0;0
721;8;0
721;7;1
1551;0;0
1558;0;0
1551;0;0
1558;0;0
241;8;0
1551;0;0
1558;0;0
276;8;0
1558;0;0
1559;0;0
1562;8;0
1409;8;0
1558;0;0
1563;8;0
1558;0;0
1289;8;0
1564;8;0
1558;0;0
1558;0;0
1528;8;0
66;8;0
66;6;1
66;4;2
721;0;0
1558;0;0
1558;0;0
66;0;0
66;0;0
1565;8;0
745;8;0
692;8;0
1566;8;0
383;8;0
383;0;0
404;8;0
1567;8;0
722;8;0
1085;8;0
383;0;0
672;8;0
1568;8;0
536;8;0
1569;8;0
1559;8;0
1473;8;0
1559;0;0
330;8;0
1559;0;0
1430;8;0
1570;8;0
24;8;0
1571;8;0
1572;8;0
26;8;0
26;2;1
157;8;0
1289;8;0
1570;0;0
1275;8;0
1275;5;1
1570;0;0
1559;0;0
1573;8;0
1228;8;0
1228;7;1
1570;0;0
780;8;0
233;8;0
1574;8;0
1574;7;1
1574;4;2
1574;1;3
1574;0;0
1570;0;0
1575;8;0
1570;0;0
1570;0;0
1576;8;0
1576;7;1
1570;0;0
1570;0;0
1576;0;0
1498;8;0
1570;0;0
1570;0;0
1570;0;0
1393;8;0
1191;8;0
1570;0;0
1570;0;0
1570;0;0
330;8;0
1570;0;0
85;8;0
1570;0;0
320;8;0
1570;0;0
1577;8;0
1577;5;1
1577;1;2
1577;0;0
1577;0;0
1468;8;0
1524;8;0
1578;8;0
1578;5;1
1578;2;2
1053;8;0
1577;0;0
1578;0;0
1577;0;0
1579;8;0
1579;3;1
1578;0;0
1580;8;0
1578;0;0
30;8;0
1577;0;0
1578;0;0
1578;0;0
1289;8;0
1578;0;0
1578;0;0
1581;8;0
1577;0;0
1582;8;0
1578;0;0
1577;0;0
1583;8;0
1583;7;1
1577;0;0
1577;0;0
615;8;0
1584;8;0
1585;8;0
1586;8;0
1587;8;0
1588;8;0
1589;8;0
114;8;0
1530;8;0
105;8;0
1590;8;0
1430;8;0
1591;8;0
1289;8;0
1588;0;0
1592;8;0
155;8;0
1593;8;0
26;8;0
469;8;0
1594;8;0
125;8;0
1595;8;0
1568;8;0
1102;8;0
333;8;0
1596;8;0
1596;7;1
1191;8;0
1597;8;0
1596;0;0
29;8;0
453;8;0
1596;0;0
1598;8;0
1598;6;1
1598;5;2
1598;4;3
1598;2;4
1598;0;0
1320;8;0
1598;0;0
1598;0;0
1598;0;0
1598;0;0
1598;0;0
1598;0;0
1598;0;0
1599;8;0
1599;7;1
1598;0;0
1600;8;0
725;8;0
374;8;0
1289;8;0
1271;8;0
1601;8;0
1602;8;0
1603;8;0
1604;8;0
1497;8;0
26;8;0
696;8;0
1605;8;0
1468;8;0
1013;8;0
